Auckland,Avondale,Total,Total,161.4634146,167.6226415,171.4912281,171.0344828,176.6666667,179.5901639,187.1518987,196.4363636,196.8928571,219.9295775,221.8313953,235.1639344,239.7349398,245,260.631068,247.6219512,254.7988506,250.8255814,249.7093023,237.721519,239.3278689,235.8673469,245.1176471,231.0784314,230.4059406,236.3232323,223.2622881,227.6442308,229.920354,233.6363636,233.1196581,231.7094017,238.9542484,241.5357143,232.8019802,246.1860465,246.1447368,251.4855769,278.7195122,270.2268908,287.5968992,298.7096774,292.4778761,292.8828829,305,298.4678899,295.372549,296.962963,307.4561404,313.9781022,290.5555556,313.5333333,301.031746,314.8644068,300.5357143,304.0340909,324.1666667,309.7029703,323.3358779,322.2954545,349.4042553,327.9212598,350.7286822,323.6885246,337.4409449,331.3178295,345.4,341.8640777,344.037037,351.4672131,355.5578947,351.969697,363.6055046,364.3661972,370.7769608,391.3,387.6548673,418.4862385,406.1637931,377.3842593,409.4642857,394.25,400.0990099,415.4596774,412.8318584,431.6363636,437.0618557,433.1829268,453.93~Auckland,Balmoral,Total,Total,198.3253012,198.4817073,206.9411765,201.8831169,200.0581395,232.3484848,220.6086957,234.5492958,230.1066667,241.8142857,259.0095238,296.6095238,273.1382979,277.6346154,271.6666667,277.2702703,286,285.875,278.1924138,305.245098,270.456,291.3963964,264.8,285.7258065,264.7384615,284.078125,279.7983871,264.8320161,290.6928571,280.1666667,282.1875,281.7925926,295.87,282.1214953,263.7209302,293.5343511,308.0555556,329.0869565,318.412844,314.4166667,367.9435484,373.25,345.377193,349.6846847,360.0746269,354.5754717,347.8421053,335.9583333,367.1052632,334.3064516,350.8938053,391.25,371.8319328,410,370.0485437,359.79,396.5373134,387.815534,382.5333333,392.5,410.8045977,423.3898305,391.7988506,416.1340206,434.1954023,425.25,411.0588235,409.9462366,439.3916667,443.75,453.2758621,465.2808989,447.654321,493.3950617,473.3691765,495.8513514,467.6315789,481.3265306,491.4507042,473.4659091,494.7979798,500.7849462,515.9444444,487.2195402,529.8867925,522.4193548,534.5959596,532.6190476,566.2616822~Auckland,Blockhouse Bay/New Windsor,Total,Total,184.8695652,182.8804348,193.75,176.25,198.2267442,203.968254,210.6428571,202.7586207,213.8194444,228.7333333,258.0833333,255.7638889,267.3033708,272.8947368,272.0212766,276.4942529,280.9059406,287.6666667,273.9285714,263.2882883,265.2061856,268.7946429,263.1967213,256.9117647,258.4234234,250.797619,245.6302521,249.6601942,261.4351852,252.029703,251.9444444,252.2045455,258.51,265.3608247,257.7826087,258.0978261,273.2383178,285.7941176,302.4404762,311.2323232,324.6023622,315.3284314,322.7952756,312.7614679,323.3125,337.9807692,305.4255319,315.35,312.2617925,326.1479167,317.3583333,324.6292135,321.6666667,321.25,312.5438144,319.494382,327.5840187,328.3428571,331.6709259,346.9550562,353.9883721,362.0416667,350.9223301,359.6444954,359.4285714,354.0841121,345.3163265,362.4675926,365.45,403.0985915,388.9292035,381.4074074,402.2410714,410.5376344,409.923913,410.1935484,413.0640244,412.5054945,415.6372549,422.9166667,448.9553571,438.515625,442.156746,458.3111111,443.5818182,466.9090909,453.7826087,479.2777778,486.3076923~Auckland,Central East,Total,Total,280.1855172,260.7692308,297.5,274.1666667,306.4047826,282.037037,309.4607843,288.4210526,343.4647887,318.4761905,317.3684211,341.9298246,334.2142857,361.042735,366.7096774,341.95,343.6057692,347.0496894,342.3545455,336.5384615,316.4705882,308.8842975,327.2953254,303.8366337,299.0033223,294.3554688,313.3464286,302.2803347,294.2172285,302.5219298,304.9538023,308.0038168,298.9919355,312.3962264,325.6968641,343.0733216,330.4251316,376.2585911,381.5163223,365.5880399,357.1121718,380.5984142,366.2605042,356.7369355,353.9774859,340.3318182,341.3543441,337.6558891,319.1897081,333.1666667,319.7592955,315.5657371,311.2711864,316.985444,303.2285223,318.3730469,321.2372549,324.2981283,332.6331593,329.497058,330.6150818,342.6852332,345.8217054,344.1241265,331.7676316,339.3710125,336.2355316,337.6764706,336.4650485,337.4015385,341.2883663,351.6288952,350.4401583,371.6425121,382.9439528,375.5612472,376.3748674,398.8515873,384.338177,376.3270677,381.2059211,387.8373752,386.1451876,383.6509275,387.6710817,399.5032051,392.9109792,413.7802607,415.7451097~Auckland,Central West,Total,Total,326,251.5,255.8461538,260,307.0543478,372.75,350.7446809,363.6309524,348.1132075,359.3181818,377.5568182,376.1551485,368.503937,356.447438,372.8246753,391.1654135,381.3980263,389.8943662,382.4161074,397.3787879,344.0048125,350.3846154,339.755102,331.8927647,332.4524887,318.4304933,351.2366029,357.3397129,339.39819,336.2850467,304.6735395,321.0547445,322.1864952,319.1128731,337.9377289,361.5820313,351.7459547,374.5,363.5665529,380.2407407,371.7121902,391.0335821,363.8859935,367.9155172,339.0680851,329.9197397,338.2359712,336.0962702,329.0083752,335.2693727,325.0944272,305.2503536,306.030288,309.4901915,307.1581226,309.3527005,312.7613909,312.5034578,317.5995138,321.1603072,316.8029115,330.450654,336.4942085,331.8746645,331.6977136,328.6141636,331.3451935,327.9378981,332.7116858,325.9847403,343.874508,345.2056338,341.4623323,372.5456026,376.1319728,365.5293739,371.9978402,382.0214592,375.255814,372.5297114,377.8888889,393.2688742,391.5501393,386.6637427,395.2865079,393.4077961,398.5969739,409.4953416,423.2273973~Auckland,Eden Terrace,Total,Total,225.7142857,192.8571429,194.2857143,234.1666667,235.3846154,281.4814815,266.2068966,282.6,317.2727273,330.3191489,322.3809524,297.03125,317.0689655,314.6153846,265.2777778,342.5,326.1538462,316.6666667,329.1935484,303.7272727,309.7115385,298.2954545,309.3518519,298.030303,292.1698113,327.2727273,303.2352941,293.2830189,303.3787879,298.1451613,306.5441176,293.4615385,305.2666667,316.641791,307.4,324.3571429,297.5964912,348.1016949,313.9122807,354.9166667,368.202381,375.1830986,364.3125,369.7758621,334.2056075,343.1075269,315.8723404,331.5671642,326.8222222,334.4047619,335.7317073,327.704918,325.0224719,357.3411765,324.5595238,333.2048193,354.2035398,362.2222222,362.1824324,354.5113043,377.1666667,373.8888889,362.8039216,371.3302752,380.1896552,380.6435644,342.8222222,369.7126437,376.1065574,394.1111111,393.7352941,352.2323232,395,410.6206897,405.127907,410.5223881,441.5686275,429.0707071,401.5818182,395.7236842,441.2380952,416.6752137,379.6842105,460.1744186,420.8510638,469.4285714,440.3876404,452.9761905,472.5263158~Auckland,Ellerslie,Total,Total,190.6260494,183.875,188.7368421,194.3925234,189.3814433,203.0128205,203.1176471,213.8172043,216.5164835,225.3461538,231.6111111,247.2846067,251.8118812,265.915493,275.8695652,281.5121951,261.9902913,282.3333333,286,264.8272727,271.4876543,268.495935,264.2391304,253.0165289,260.0277778,263.984,277.5,264.5419847,257.3851351,260.2229299,269.9887919,264.704918,262.1042945,258.9794521,249.3243243,269.7076923,268.0780347,282.3225806,291.384,300.8776978,317.3809524,316.2866242,314.5165563,320.1145038,311.9576271,327.2357724,321.0373134,320.7230769,338.6808511,321.2230216,323.1966102,308.3274336,340.5925926,342.6774194,336.3709677,348.7029703,358.1102362,376.2142857,372.4553571,393.7623762,384.6788991,395.4836601,385.0446429,367.0866142,408.1512605,413.1196581,401.7156863,402.2571429,367.1875,410.0288462,413.828125,374.1136364,415.1313131,418.7378641,441.5047619,435.7317073,401.9911504,462.3737374,458.8990826,449.1875,455.6796117,434.4949495,463.5416667,459.279661,465.7079646,492.88,484.8989899,480.7282609,490.3608247~Auckland,Epsom,Total,Total,231.9714286,240.0735294,215.9936709,248.0872483,247.244898,246.8782051,266.809816,272.3643411,266.497006,273.7837838,294.3513514,300.0276243,305.5851064,329.6176471,307.0051282,301.4491892,316.2820513,327.1410256,318.6770833,290.2272727,302.6816143,299.9148936,291.872973,270.1577679,301.6009852,276.3945946,289.6564103,308.6842105,312.7189189,310.516129,313.8,294.3842105,319.8574561,301.1079545,315.8967391,332.6153846,329.0906593,349.8447205,379.6060606,377.8525641,409.2060606,385.7246377,411.8681319,410.1722222,403.5057471,383.6225166,369.9157303,425.7741935,409.5663576,389.5302013,377.2701149,390.6967213,397.8023256,392.4251969,408.4,422.0077519,417.5,424.8550725,429.5899281,456.25,466.4887218,476.8,461.9586207,458.0763359,460.238806,423.2,464.5357143,450,526.9482,502.4203822,486.9428571,476.7931034,504.9637681,364.4611399,508.9936306,448.943038,490.7417582,481.6871166,484.7640449,486.1620112,545.9308511,479.3712575,458.7037989,486.548913,550.0558659,500.4666667,494.1450777,549.6333333,553.0864198~Auckland,Glen Innes/Pt England/Wai O Taiki,Total,Total,153.375,177.4705882,175.12,180.5,200.6521739,188.4375,197.804878,211.9444444,233.4516129,220.1851852,229.8484848,251.5625,248.3333333,257.8571429,269.7142857,266.8181818,258.3333333,270.7017544,256.6346154,268.7,255.9756098,248.9148936,251.5178571,278.0232558,244.2439024,266.0677966,249.7727273,254.8,251.4285714,254.0444444,247.3333333,235.4901961,251.3414634,245.0666667,246.1944444,267.3170732,273.175,292.0188679,292.6829268,300.6341463,313.3653846,322.4390244,314.9019608,308.3035714,311.6,316.5740741,302.5,309.1186441,328.5,315.1346154,324.7435897,322.1730769,337.0652174,328.1777778,331.969697,323.875,346.6190476,344.921875,346.5862069,357.5,360.8510638,366.40625,379.7115385,367.1875,347.6041667,387.0943396,363.9795918,375.9302326,348.4782609,397.2222222,372.2972973,365.3448276,386,407.1428571,384.8863636,394.1935484,408.4210526,428.7837838,430.3125,443.90625,418.1,435.1162791,452.2857143,458.8095238,478.3478261,437.2916667,481.25,470.8823529,510.2702703~Auckland,Grey Lynn/Arch Hill,Total,Total,208.4722222,209.6794872,224.5352941,229.0322581,259.85,233.0434783,247.398125,269.6153846,269.322439,283.34,265.2427184,281.9958586,298.8324074,322.4995283,326.8991597,294.1509434,312.7255639,336.4160839,328.6220472,341.3171141,324.4558824,331.9220779,302.3651685,300.3521127,315.8253968,307.1544944,293.2157895,318.75,315.8379888,315.7803468,311.7853107,309.132948,325.6722222,328.5428571,325.361809,341.5053476,351.5609677,363.8924051,357.2670807,391.6453488,383.6479592,404.1111111,388.1791045,394.3413174,382.4723618,391.566092,407.9090909,393.2941176,396.8387097,410.0597015,410.2108434,408.2594937,392.9583333,412.6069519,410.0617647,413.8088235,389.1060606,422.3478261,422.7840909,418.2317073,436.1258278,447.8247126,449.9428571,447.2272727,431.4814815,466.8367347,451.122093,439.8816568,438.2485876,485.0532544,472.2302158,463.3333333,473.864,477.6572327,516.9027778,534.5895522,537.0261438,544.0246914,516.8113208,515.2378814,556.057971,535.8767123,502.0285714,484.9280576,532.6946108,525.8758621,515.4615385,575.3464567,551.1347518~Auckland,Harbourside,Total,Total,NA,NA,NA,NA,NA,NA,NA,NA,397.5,244.1666667,401.4285714,301.5,334.5,348.125,306.3636364,365,391.6666667,NA,528.8461538,609.5454545,554.4444444,641.0416667,561.875,475.3571429,510.1923077,430.78125,571.5909091,592.65625,529.1666667,461.3157895,410,433.6764706,475,462.2747253,515.125,560.1666667,518.8297872,515.6956522,559.6226415,586.7889908,515.406746,507.9929577,517.3832593,510.9597581,506.7559524,494.246988,502.5094595,498.5501316,513.4051053,500.855814,472.9880478,505.8994253,458.2559794,449.1758242,444.1747573,465.6491803,455.8477509,491.8690909,483.2833333,495.087108,475.1206647,486.6250852,488.4632768,480.0479233,491.4160477,479.9896296,492.33241,516.8110561,482.8793566,510.0884146,509.835184,470.0386777,441.8020179,448.1592269,446.1569892,436.167147,449.6727097,472.6528499,470.3354801,471.4985163,431.1629073,476.892891,509.875,465.6202532,467.678125,492.7063584,463.4701493,501.598513,473.4472222~Auckland,Herne Bay/St Marys,Total,Total,231.25,220.847619,251.8849558,242.1290323,248.0756303,279.3772381,254.6354167,275.2040816,264.2273913,295.3783784,268.1182796,279.8598131,284.009009,325.9471901,342.0703125,330.490566,298.5347826,327.7447552,312.6387097,332.0921986,337.1574074,309.4117647,317.1702128,351.2066116,320.25,303.9859155,380.751634,393.0189655,340.2878788,358.7958333,378.1333333,346.1340206,365.3333333,382.0731707,404.8695652,432.8301887,427.7927928,444.3043478,544.3693694,439.694876,451.1398601,423.0785124,424.0378788,425.7980769,409.2735043,454.6785714,436.6083916,465.0035461,405.3418803,441.5381944,454.3129771,416.4347826,459.2213115,473.9075221,457.991453,445.4895833,469.4036697,505.1438849,447.9988372,489.2844828,477.6209677,517.8493151,495.7971014,502.5954198,518.7681159,542.3206107,497.8333333,513.7398374,553.8983051,542.8543307,512.9069767,542.0952381,607.2815534,554.6153846,539.8290598,560.7317073,522.7777778,479.7793103,532.9323308,566.7307692,584.1818182,573.1021898,573.6363636,595.8269231,558.627451,573.8888889,561.0740741,547.4731183,578.6283186~Auckland,Hillsborough,Total,Total,174.3046875,183.6231884,198.6746988,201.0909091,202.0526316,216.9210526,215.6565657,230.0757576,234.0340909,240.9347826,240.5952381,253.2272727,273.5483871,284.271028,279.5765766,283.7755102,278.0736,280.3229167,266.0530973,274.6907216,276.7,271.322314,266.1940299,247.7380952,269.3181818,263.5,263.7837838,255.234375,265.6296296,262.9009009,264.6428571,257.5049505,262.3753425,262.496,268.1007752,274.0082645,294.2318841,287.6744186,302.7,295.1666667,325.6083333,326.9291339,311.4414414,344.7368421,326.0162602,320.6779661,325.0423729,312.7066116,312.5206612,323.2169811,313.2539683,340.1181102,336.1214953,336.4727273,334.2173913,356.2727273,349.1981132,358.28125,337.3358209,360.3571429,350.04,390.1044776,382.5877193,368.317757,384.7288136,370.8057554,394.1363636,385.8636364,392.4576271,391.8224299,419.6956522,386.3217391,448.214876,410.6111111,422.7118644,434.2631579,440.6818182,446.7153285,445.8029197,436.1009174,428.2592593,464.0495868,461.1404959,450.3043478,474.84,490.0606061,474.0471698,495.8114754,509.9528302~Auckland,Kingsland,Total,Total,179.6875,168.452381,205.9183673,205.6756757,191.1923077,213.5267857,218.0597015,239.4482759,236.3333333,240.8333333,262.0769231,252.8461538,278.9259259,284.4827586,299.3859649,280.7352941,290.2103896,290.3676471,280.9294872,261.1111111,307.6219512,274.3670886,271.8518519,278.6666667,281.5638298,276.955,272.402439,280.5063291,283.6046512,291.7105263,290.3658537,268.3561644,272.9716981,295.4927885,308.3333333,307.6458333,310.9895833,340.1204819,348.7765957,348.2094595,353.6363636,360.5813953,362.7403846,360,374.3368421,382.8571429,345.4166667,378.28125,375.9210526,385.8247423,367.1686747,392.0121951,389.7468354,384.7863248,411.8181818,364.6923077,409.8333333,383.2,401.3529412,408.1707317,420.7446809,414.53125,455.625,397.0786517,392.4038462,439.0275229,400.7943925,446.9142857,403.6666667,450.625,434.9462366,444.7402597,447.5568182,474.4324324,475.8333333,561.5701754,513.7623762,491.4938272,476.6818182,504.3076923,516.2025316,508.9010989,508.3125,532.3026316,489.2207792,572.826087,525.4736842,501.1369863,550.4117647~Auckland,Kohimarama,Total,Total,267.3676471,298.3870968,299.9117647,325.7272727,325.6962025,303.984375,297.5,329.9264706,312.739726,321.1666667,330.7142857,365.3676471,362.4375,367.8313253,332.260274,369.9,345.9836066,376.5909091,372.3125,365.5764706,372.8551948,384.125,351.3483146,362.7906977,391.835443,345.6875,352.7325581,348.6516854,353.5882353,380.1785714,374.8876404,375.2298851,384.2708333,394.4427083,372.4193548,424.4086022,414.9350649,410.1052632,458.6931818,513.9130435,520.9029126,434.8469388,432.2613636,439.1358025,451.6197183,462.6170455,403.0821918,486.25,487.1835443,480.8735632,446.0219118,509.4880952,497.25,504.3678161,514.5596923,485.2948718,522.5625,537.3333333,480.6989247,568.2467532,604.8101266,542.7011494,536.2380952,599.5136986,568.6986301,534.5394737,588.8571429,540.1587302,551.097561,574.3292683,602.9365079,569.0666667,659.3243243,598.6507937,583.0519481,564.2857143,666.2931034,590,667.9861111,664.5735294,588.7951807,626.5873016,603,696.4473684,706.969697,648.4415584,629.4615385,675.25,776.75~Auckland,Lynfield,Total,Total,201.0784314,223.5882353,209.516129,209.5166667,212.4603175,216.0441176,226.3630137,238,253.5,265.4222222,257.1917808,269.765625,272.3295455,294.4594595,280.2903226,295.6,282.8125,293.2,293.0973451,276.3291139,281.2365591,268.9354839,262.4141414,267.3406593,259.0588235,254.5982143,261.9655172,248.5057471,249.0514019,270.7045455,266.6860465,256.0215054,255.164881,254.8,272.0792079,265.5697674,275.8615385,281.9047619,295.6,291.0740741,319.0322581,319.8571429,319.9325843,316.8518519,322.8289474,340,326.4731183,319.1764706,312.9315068,320.2574257,316.8404255,318.5285714,332.9268293,317.7692308,345.7027027,321.0344828,344.5824176,351.1847826,350.1376147,356.6666667,368.4146341,391.8137255,372.1123596,344.8809524,369.3981481,351.7647059,357.3,368.9615385,368.6036036,384.4252874,387.2631579,400.505618,368.4852941,400.3370787,411.25,410.8552632,418.6363636,404.1770833,404.8850575,440.9090909,431.0842105,429.7336449,450.5154639,436.3626374,452.2205882,452.0324675,474.8181818,477.4117647,509.6105263~Auckland,Meadowbank,Total,Total,195.3589744,220.9852941,198.1594203,205.48,209.1190476,206.8395062,202.5806452,213.3,213.125,253.828125,250.4375,251.1267606,299.2647059,289.1176471,287.5,313.362069,285.5538462,278.9857143,282.3295455,290.1935484,282.260274,300.2898551,285.7954545,263.9506173,243.9375,260.44,274.25,274.9264706,284.8600935,268.45,275.4761905,281.0483871,268.7393162,280.1630435,296.1413043,282.6724138,307.5568182,319.7530864,324.4637681,315.4605263,338.5894737,356.9390244,344.3033708,340.8717949,337.8666667,377.6666667,327.0481928,348.7179487,324.3650794,342.6869792,336.4285714,355.7534247,382.4,335.9620253,379.265625,377.5925926,376.0714286,403.4883721,386.1428571,390.4347826,406.8634375,429.5108696,415.7746479,396.0958904,403.0555556,413.8068182,396.9230769,399.7492208,401.7948718,426.2903226,454.9480519,439.5588235,480.8088235,439.6142857,429.382716,419.1,466.25,485.2205882,496.0119048,423.7234043,471.3068182,448.828125,461.4354839,484.140625,485.2941176,488.3448276,525.6338028,527.1276596,528.630137~Auckland,Mission Bay/Orakei,Total,Total,244.8583333,262.824,246.8021583,274.2149533,248.7936508,268.2142857,277.5098684,314.25,281.9057944,288.2520325,316.2015504,303.6090226,327.3394495,329.1984733,330,330.2965517,345.0438596,370.2083333,334.8248408,301.0193496,336.8831169,332.9094595,308.8764045,319.9862069,313.3657143,332.1939394,340.2776543,341.3636364,334.5248227,346.1935484,336.1413613,321.584507,355.8725466,357.7438272,366.9836066,381.7241379,366.3354839,403.4561404,406.1818182,438.6333333,430.9359603,435.3797468,429.4256757,412.035503,431.5891473,427.8363309,409.8148148,410.5714286,418.2873103,443.0709677,433.0217391,406.7350993,486.5,415.4596774,438.0493827,466.7647059,453.0145985,444.9727891,516.5833333,491.3821138,485.4740741,491.1029412,485.6957831,478.3469565,482.130597,495.7419355,476.4864865,521.9389313,533.6090226,506.3266667,526.503268,522.5912409,535.6306306,601.2857143,577.7560714,559.3739837,534.5217391,554.2727273,527.4685315,558.204918,569.7107438,557.4621212,544.5714286,549.9821429,584.1275168,548.9238095,606.0393701,628.8873874,583.9865772~Auckland,Mt Albert/Owairaka,Total,Total,175.6842105,181.4597701,198.4946237,188.7058824,193.3057851,212.9600806,209.248,215.6057692,221.6386861,227.3188406,248.7452229,250.4784483,269.2042254,255.6891026,267.188705,269.7222222,285.0645161,262.3125,275.5485714,267.8157895,267.4923858,258.2887701,257.2429907,255.6770833,251.3041475,249.70165,253.2027027,241.7553763,245.5936073,262.4473684,246.0784314,260.3349754,253.8984674,261.9547511,268.5405405,263.0914286,281.2435233,288.2738095,310.1578947,314.3536585,321.8894944,331.3355705,322.8854749,311.2760417,326.5451977,320.8461538,318.3900602,321.2962963,320.125,335.8477157,320.7230348,325.2120118,315.2952128,327.0964968,324.2573099,331.9528302,338.5577889,342.1951592,336.3446486,337.1866667,362.0974233,356.745509,350.5590141,351.1779012,381.5616438,353.0614881,361.8207237,372.0719424,354.6022099,374.8482759,409.1724138,368.1935484,402.1192053,395.5690141,412.6708075,396.9379845,380.1290323,401.2692308,404.0505618,423.0357143,431.488024,417.4086,426.9933775,425.8609272,460.3548387,418.0833333,441.2532468,461.7322835,465.9583333~Auckland,Mt Eden,Total,Total,165.51,163.9716981,174.0400844,171.3519856,180.2396166,189.818,186.7595819,202.5372549,209.7537879,214.8765432,218.3584906,229.9338235,237.616242,242.6829268,253.6860065,251.1717172,259.1296296,261.2420886,244.1231884,245.9532258,245.163522,249.1535948,241.9393939,241.1838006,230.401084,245.4140127,242.112069,235.8535826,241.6375,262.8220859,241.8546512,244.6257485,252.9790698,257.8988439,252.4269972,258.7742718,290.9812312,288.8706625,289.9175627,302.4154135,317.3495702,328.4736842,308.8233766,312.3800676,320.2951807,315.4592834,309.7948718,317.787415,323.0946372,315.3264706,305.6778711,314.5865385,321.231003,320.4591195,318.8113879,324.7220747,335.0977918,351.6098485,340.1784615,340.0923695,352.3261649,350.9007353,347.3399209,356.0225694,371.1413043,360.4115226,344.6098485,343.3267717,367.0418006,386.7705628,372.8810484,367.3776654,389.560166,413.8043478,388.8405512,421.0852821,411.7224335,417.9545455,428.0172414,421.3970588,413.090566,448.4699248,451.6465863,433.2218182,461.6059783,433.9497717,469.7538462,461.7772512,507.7457627~Auckland,Mt Roskill/Wesley,Total,Total,189.1935484,189.6470588,190.7837838,207.6923077,210.9459459,206.9565217,217.5,233.8157895,254.5555556,261.7647059,264.4791667,272.2222222,282.3333333,285.8333333,274.047619,292.3275862,274.6666667,283.2236842,279.5,287.6119403,287.027027,272.232,273.1578947,253.203125,250.3731343,264.0677966,260.9859155,258.7868852,256.4634146,270.2205882,261.8939394,251.328125,255.0823529,261.3846154,251.6233766,264.1176471,268.2266667,263.5915493,281.3064516,310.6,319.0454545,331.7368421,334.2424242,306.3918919,322.8082192,321.8979592,321.1549296,329.6551724,318.8382353,310.1694915,312.0779221,335.1233962,324.2142857,325.1935484,325.5882353,333.8541667,339,320.3467742,322.483871,327.4354839,363.28,331.6071429,355.2142857,352.8703704,364.6226415,360,354.8769231,356.7045455,385,380.8333333,389.8958333,392.4166667,383.4375,420.0925926,437.4489796,400.9090909,425.1388889,439.25,424.556962,469.4339623,440.5072464,438.5483871,437.8928571,448.4459459,470.0483871,475.8955224,477.0175439,488.9,479.2666667~Auckland,Mt Wellington,Total,Total,162.8,159.5,168.2571429,171.3783784,162.3555556,179.3888889,179.5918367,187.0545455,211.6363636,196.7307692,200.2777778,212.9268293,230.0909091,237.0535714,222.1458333,243.6170213,240.3,257.6865672,247.0909091,241.557377,252.8169014,253.8888889,238.9375,240.2222222,247.375,234.6236559,243.1754386,222.1230769,242.608642,239.4520548,237.8494624,241.6666667,246.7195122,246.6470588,251.0357143,248.4117647,247,285,264.6376812,275.2419355,283.7746479,266.2132353,274.1566265,289.057971,274.7560976,315.6666667,293.5185185,299.7014925,296.5972222,315.5,305,287.0144928,278.9393939,305.5606061,310.2040816,300.25,316.5131579,322.8032787,318.3645833,305.4545455,332.6271186,355.0757576,332.1875,333.5454545,344.6,340.9146341,336.9298246,329.1176471,368.9552239,342.9264706,360,337.1296296,359.9571429,364.6363636,384.1607143,381.6170213,395.6481481,407.7,403.75,400.6470588,409.4444444,409.238806,397.9137931,418.625,442.6140351,431.0945946,427.7192982,437.8431373,461.75~Auckland,Mt Wellington North,Total,Total,156.0933333,161.5340909,166.8014706,172.943662,168.3081395,175.0625,168.049505,183.3513514,180.8762887,189.3157895,198.3673469,207.0588235,224.5862069,229.22225,235.2777778,233.5087719,230.9243697,254.9159664,235.5511811,235.6111111,228.4926471,232.8512397,224.2773109,218.0222222,212.5714286,226.2184874,225.3309286,212.8287671,211.0067114,225.8161765,223.7412587,211.2592593,222.6331361,229.5547945,233.4405941,233.5488722,235.8647059,242.5,241.9512195,241.3149606,253.0597015,263.855,262.5886525,270.030303,288.6090226,277.0918367,274.7807018,271.5,280.3423423,282.9851852,277.2644628,286.023622,274.2678992,291.6793893,283.9130435,293.0701754,308.7272727,304.5703704,303.3,323.2920354,317.826087,319.4710744,331.1983471,326.0454545,310.5675652,341.48,322.2669903,325.8557692,325.4583333,338.5773196,328.7358491,339.8514851,351.127451,367.2043011,384.6326531,380.8333333,377.2395833,379.5465116,389.4117647,383.3072289,388.9417476,377.6595745,384.6052632,391.9607843,400.5963303,411.3953488,420.2040816,397.1829268,414.2105263~Auckland,Newmarket,Total,Total,168.2075472,200.0714286,186.8421053,199.9206349,190.2419355,237.4561404,199.8125,223.75,247.5714286,262.8333333,242.4657534,264.6993443,256.5789474,250.1075949,290.46875,308,285.640625,286.125,261.7368421,335.8333333,274.8484848,304.4078947,269.45,284.5,275.0526316,283.8513514,266.8809524,265.1010101,274.0322581,282.4,263.8095238,306,275.2083333,302.902439,305.5487805,305.6962025,320,321.9047619,322.7631579,358.851129,349.3188406,342.3469388,346.0769231,358.4777778,353.0034831,330.5921053,363.7021795,345.2738095,322.4047619,389.2708333,383.4509804,342.4210526,343.508764,367.9270652,349.1864865,360.1388889,387.9090909,373.4941176,369.3414634,386.1683168,422.5793103,411.0743802,411.2752809,403.4951456,410.0092593,460.3409091,442.7038462,408.4090909,419.8173913,414.0825688,467.6732673,436.741573,459.7058824,460.2941176,465.2560976,420.84,471.0215054,482.8829592,489.9,446.7368421,495.9166667,483.8586957,486.6666667,511.9411765,490.2619048,545.1505376,518.5802469,543.6404494,534.2773109~Auckland,Newton/Grafton,Total,Total,268.2142857,216.0714286,205.5,236.7142857,292.9032258,265.6818182,250.8,273.4615385,255.8823529,283.4375,309.5,320.5882353,300.8139535,364.2307692,332.3809524,352.1428571,311.8214286,297.7702703,323.7037037,334.3333333,298.3823529,312.5925926,282.990566,284.1938776,296.8650794,299.375,314.1129032,293.4836066,306.2058824,299.8245614,288.637037,310.7985075,310.878453,328.4172662,309.8639456,315.1013514,335.9142857,342.4262295,334.0689655,352.6408451,347.6234568,376.9047619,378.7354651,353.5517241,355.2114286,353.0252101,359.0425532,352.942623,355.1128472,356.2049689,363.4677419,342.6822917,341.8340517,347.8532609,356.3928571,356.8597561,340.5400943,369.3070866,359.46875,385.3456221,390.0913462,379.2825112,382.4431818,356.7976879,373.6282051,364.8269231,351.1813472,379.4320468,385.9090909,369.7444444,386.0060976,392.5449102,392.6205357,400.3763441,403.9010989,402.4793388,410.3140097,433.1791908,418.490566,425.6054422,428.475,403.5323383,389.0243902,414.3785311,425.695122,413.8819876,410.5492228,427.0137931,459.0449438~Auckland,Onehunga/Oranga/Te Papapa,Total,Total,165.4144385,167.4886364,166.7791411,172.1612903,176.7833333,177.8857143,181.4613636,199.4193548,205.3073171,219.2540541,223.3058252,234.2707182,233.971831,238.1358025,254.2916667,239,253.5452107,256.931391,249.5437956,246.1615385,245.3815018,245.5962963,245.6935484,242.3058156,230.2508591,232.6586716,236.30625,230.3904762,235.2600671,235.9916944,241.9109589,231.9993046,240.3138462,242.5647799,244.8431373,253.8778502,261.74613,285.4135338,287.2330508,284.6911765,304.5528455,300.3518519,293.7251462,305.0820189,298.3917197,304.916129,303.0430108,317.2709091,307.6850394,311.4270463,308.1690291,304.6183206,308.0065549,316.5743945,322.9449153,329.1136364,333.5302594,346.9805654,337.7610922,353.3710407,350.9655172,355.9504792,354.4380342,353.1558935,354.4731183,361.0332326,351.8544776,358.1637168,373.0483871,380.3229572,368.0719424,382.6943522,390.0475285,401.6438356,388.3211679,405.1315789,412.3319392,412.5150376,410.6194853,417.4594595,408.5789474,436.0490614,427.5204918,429.4862069,416.9095563,431.026971,429.3960784,435.2297297,456.7911475~Auckland,Otahuhu,Total,Total,123.1923077,127.984375,126.6299194,128.3461538,133.7939394,134.7469136,137.5582011,142.6797386,144.7774194,165.9301075,166.7098446,166.2774725,171.4929767,194.7226368,189.4911504,193.5148515,211.6549296,200.7239819,206.4252336,189.786036,193.4744898,195,189.4405941,183.1956522,182.12,182.4438776,185.7276995,173.1775701,177.9009434,178.5929648,184.0517241,168.5956284,180.8195876,179.8563218,175.535865,187.259887,188.545977,192.549505,200.787234,204.9698795,220.4610577,211.55,236.1751412,219.775,221.9868421,223.5536145,228.1097561,225.9010417,232.1527778,232.3167876,244.5851462,237.8787879,245.5454545,234.9945355,254.7643678,229.5065789,269.25,255.2706211,271.1294118,267.9113924,265.5692308,269.6354167,279.9846154,277.9333333,267.8926174,289.3072289,272.2058824,274.3521127,286.3960452,284.3851852,287.1385542,285.4090909,281.9,293.7857143,292.8010204,297.8611111,313.3571429,297.3298429,333.3723958,319.6390977,316.8707483,315.9146341,323.7861272,294.8660714,324.6666667,317.1865285,329.4444444,322.7671233,327.6769231~Auckland,Panmure,Total,Total,175.7368421,150.3571429,164.5652174,186.8965517,176.5853659,194.5945946,185,207.5,198.9583333,201.7142857,197.125,220.9210526,216.6666667,255,213.4090909,235.8035714,200.1136364,251.0204082,244.6363636,245.5172414,232,232.2222222,244.2195122,240.2,228.75,223.0612245,236.0384615,240.3928571,212.1794872,232.8571429,245,233.877551,223.8059701,234.5384615,255.4647887,244.8,245.7076923,269,261.8253968,270,283.5483871,271.1363636,282.1733333,279.057971,291.9444444,288.1707317,270.9429825,270,278.2898551,279.4193548,286.4939759,300.95,294.7402597,277.8636364,303.2931034,289.5,293.884058,296.725,303.9242424,300.5769231,323,302.0786517,317.4225352,314.1833333,334.9556962,310.6,311.4285714,340.8787879,325.9074074,347.9710145,356.1754386,340.4545455,365.9047619,369.4680851,378.7735849,384.5192308,386.0483871,351.0181818,395.0333333,383.2888889,422.3134328,405.3521127,403.8636364,405.1754386,430.3846154,416.2857143,392.0689655,399.4444444,404.6875~Auckland,Parnell,Total,Total,255.6956522,267.594486,277.9690476,288.5145455,290.7377869,310.6568627,297.3157407,334.9462366,346.622069,369.0033333,359.3137255,376.2785333,430,385.2339181,363.9902959,376.7211047,369.3239437,396.452514,373.3763441,366.6424051,368.3881579,367.797619,390.8408257,359.3651685,357.5789474,393.9828571,369.2564103,391.9119497,360.8603352,413.4375,385.4185022,361.3004808,403.9810427,414.0382075,385.3923077,409.7217872,419.047619,410.4817708,432.2043011,467.9464286,461.1794872,426.9948187,431.0189573,418.6519903,442.7203125,445.0793651,429.53125,451.1077844,443.5323383,455.3081395,471.8274112,450.7643312,448.1637427,438.3091787,447.3193548,445.4239655,467.7638191,474.3195266,483.0613208,515,478.65625,483.7720792,513.9573171,492.3378289,520.4361026,513.7634409,513.5471698,507.8044872,507.2638889,519.7476404,506.8395722,536.8881119,553.75,591.3333333,568.1037736,594.212963,571.7901235,578.4236453,562.7683616,615.4471545,560.0921053,589.1089744,574.6214789,610.8527132,587.9178082,615.3015873,619.4415584,609.1401869,647.5~Auckland,Penrose/Mt Wellington South,Total,Total,159.2222222,162.2867273,149.3283582,165.3278689,161.8181818,159.75,175.8275862,190.5538667,184.4117647,195.0505618,209.6610169,208.4567901,210.9589041,241.9911504,222.1621622,236.460177,247.0833333,260.862069,233.4234234,233.8242188,227.5333333,241.2413793,222.4615385,229.3626374,221.4561404,227.059322,231.4285714,227.7692308,227.9487179,237.008547,227.2394366,228.8269231,227.8787879,216.1693548,227.9432624,236.1654135,239.605042,242.9777778,247.6036607,251.7121212,256.626087,257.3333333,272.4391892,270.2083333,269.4173913,277.015873,285.9375,282.4576271,281.1061947,283.5793103,289.3043478,282.2276423,288.7685185,294.4392523,304.3247863,303.8265306,313.705036,304.8130841,319.389313,329.556701,335.0857143,330.4263566,340.4545455,331.302521,334.2391304,330.2619048,335.2612613,337.9207921,340.8333333,341.4782609,351.6666667,358.2352941,351.3274336,375.1904762,367.0560748,367.8488372,393.2777778,384.1574074,385.3952893,392.2395833,401.1711712,398.3550725,426.3030303,401.7175573,477.89,430.7190083,434.5238095,441.8316832,400.754386~Auckland,Ponsonby/Freemans Bay,Total,Total,226.1811024,217.875,249.9090909,241.6203704,255.9401709,255.7809524,275.4632278,272.1367521,290.4296875,303.2337662,307.4324324,312.8914394,346.9242771,326.1805556,345.15311,361.6045198,365.8548387,381.7357513,334.6601942,343.5769231,346.4954128,347.8947368,353.1751055,346.3348214,369.8200935,350.6057269,369.97,366.8965517,363.6204103,361.9415068,351.3084291,351.8828125,350.6834862,370.0541872,361.014218,398.2775229,385.5175879,403.9853659,462.4564398,427.5515464,436.4472574,428.3815789,406.38,439.6296296,424.1105991,444.0045249,436.4847716,427.4725275,430.8988764,435.9142857,421.7912371,417.1706587,450.3517588,451.3194444,461.212766,465.9651899,497.7398844,491.6481481,502.513089,518.1533333,520.2026144,509.2039801,484.9514211,532.5377358,507.8424658,535.7567568,499.6065574,556.0967742,518.2228916,538.5714286,550.6779661,559.2708333,566.9275362,567.8472222,548.6688312,585.2671756,595.8308824,591.2573964,564.7819767,574.416,615.6375839,643.1513158,592.915493,607.9545455,609.6103521,664.5454545,636.0670732,666.5619048,664.48~Auckland,Pt Chevalier,Total,Total,195,195.9534884,189.7297297,192.0454545,210.6122449,219.7,216.3333333,225.5853659,228.5142857,242.5294118,266.3970588,270.1692308,293.9344262,283.961039,287.0987654,284.4366197,297.4675325,305,280.625,278.1866667,272.8117647,289.0140845,263.5294118,274.8125,267.7604167,281.5979381,272.9012346,284.2857143,267.5252525,269.4936709,275.7432432,280.3902439,301.7156863,301.8701299,296.978022,316.0416667,318.8021978,317.1309524,320.7260274,343.5901639,361.0375,360.8139535,357.7011494,346.78,361.9411765,378.6875,362.8484848,378.0238095,371.0326087,372.2340426,377.4642857,372.7887324,372.5373134,382.75,357.7472527,364.0909091,368.6024096,397.7804878,408.5802469,397.6760563,408.8356164,429.9876543,449.1139241,410.942029,422.6190476,418.7012987,427.3076923,399.0757576,430.7529412,445.1639344,440.4545455,452.25,481.9047619,494.6031746,456.5,461.4705882,460.5333333,422.9361702,421.1538462,527.6470588,478.6911765,442.712766,500.015873,485.7735849,517.012987,500.8705882,486.4375,546.95,479.8795181~Auckland,Remuera,Total,Total,272.6558442,303.2342857,293.8617021,280.2987013,292.9562443,292.5460123,316.5116279,325.3051724,344.1481481,341.1772487,343,350.1885714,360.3945361,356.4965482,368.5891089,411.7356688,366.2019231,392.2131148,359.8737374,396.5647668,393.3303965,363.3417722,365.4109589,356.7708333,359.4529148,374.3722165,359.1991342,355.0486726,356.9159292,362.46875,366.1521078,335.0043668,398.9859155,399.5207254,377.5102041,385.3370787,418.8708134,427.486631,410.9455959,431.5907487,465.6384181,472.2067039,448.2420091,459.459893,457.8257576,478.094012,459.895288,449.7,483.5549133,513.6790123,480.9189189,483.8356164,498.304878,506.5705521,474.2076023,528.8246753,515.1159259,549.2227979,548.4142857,533.1461988,557.826478,520.6334842,548.2352941,559.1135135,548.4932127,523.8578199,563.3950617,551.6987179,543.2474227,580.25,557.9545455,598.0892857,610.3244022,615.9020979,628.7430168,629.3103448,649.5132275,665.9235762,610.5,601.5972222,694.5898773,621.9290323,663.721519,720.1176471,675.9854369,674.1278195,707.0263158,753.3617021,745.71875~Auckland,Remuera South/Meadowbank South,Total,Total,278.1685393,289.7087379,282.8709677,289.9479167,288.8461538,280.8631579,302.6020408,286,319.5890411,314.3162393,321.039604,325.9183673,340.505618,334.5588235,338.76,336.7171717,350.8717949,353.8027419,336.8382353,323.989899,341.5725806,338.9268293,317.53464,319.0895313,312.6917293,334.4396552,317.3718605,326.5652174,332.9133858,310.373913,319.6557377,319.2748092,330.6918239,331.25,331.4166667,352.3509934,342.9044118,366.8014706,416.4948454,413.1547619,421.7619048,406.1627907,397.9741379,410.8363636,414.8760331,426.8181818,395.3883495,410,412.5225225,428.203252,402.04,435.9090909,432.3448276,422.7717391,420.2777778,433.6813187,460.9009009,426.059322,474.6052632,425.5913978,485.6760563,490.0265487,509.5774648,467.7232143,481.5957447,448.039604,488.8271605,472.4444444,498.4433962,500.106383,518.7816092,517.3529412,527.8365385,517.1686747,514.1025641,509.125,530.5833333,555.1041667,555.2040816,543.2564103,549.1477273,535.0754717,544.5886607,545,580.4545455,558.2258065,612.2988506,613.8571429,638.9655172~Auckland,Royal Oak/One Tree Hill,Total,Total,217.1304348,225.9146341,228.1818182,222.6509434,244.6017699,243.9487179,243.6764706,266.7021277,269.6836957,274.3406593,293.2380952,301.1458333,291.1538462,302.2761194,297.0422535,317.6388889,295.84,301.1,317.137931,293.8114754,280.7835821,293.6434109,278.9928058,298.9746835,283.2857143,311.5359477,283.9236111,291.4885496,294.8843931,275.5960265,276.9183333,285.8895706,291.16875,305.7665385,307.5618785,301.8787879,304.7770701,345.441791,323.1459854,364.0559441,358.4137931,364.037037,360.4933333,357.4052288,375.015625,380.8828125,380.3521127,367.1865385,371.1338583,370.202454,365.9198895,371.7712418,383.7979452,379.3225806,395.26944,367.9271756,407.8045977,384.2446043,389.7304375,414.2857143,369.0082645,436.754717,421.5177305,430.556338,429.1406566,416.920904,420.4117647,413.1292517,434.2329545,414.5898058,437.311828,432.5617284,463.7687075,456.2230216,461.3404255,458.8028169,462.1748485,513.4839744,504.0331492,525.3688525,482.0408163,514.1641791,497.4676259,510.0724638,521.06875,550.3355705,517.3178808,511.3115942,540.7062147~Auckland,St Helliers/Glendowie,Total,Total,270.6354167,270.2259036,267.009901,280.0515464,293.8367347,295.9090909,313.9545455,319.4829545,354.7474747,359.2631579,340.1351351,364.6728972,358.8596491,353.6046512,339.7345133,350.8252427,358.6915888,347.1755725,355.511811,355.078125,361.9140625,345.5895522,353.6489362,330.3846154,340.1515152,353.9147287,346.6387097,336.1328125,329.6581197,326.56,337.4233577,353.0041322,341.0769231,378.1811594,335.7246377,362.2457627,386.4112903,450.9130435,390.5769231,446.991453,429.3965517,438.9477451,429.9069767,440.2734375,416.0909091,397.775,416.75,415.4230769,433.0544882,416.32,421.8591549,417.4757282,448.2931034,463.4705882,477.4504505,488.6407767,509.7734375,473.6315789,493.2442748,537.0784314,523.6836207,520.5037168,525.615942,530.0531915,541.6612903,531.8050847,516.7037037,560.7272727,520.3508772,555.0460526,580.1838235,611.3942308,599.244186,566.972973,583.6697248,596.9411765,643.9732143,602.2857143,587.601626,591.3106796,657.8636364,593.1981982,621.5566038,621.25,649.2577311,645.625,636.8773585,640.5555556,695.1346154~Auckland,St Johns,Total,Total,170.3703704,165.625,175.2307692,173.6944444,186.835443,192.8888889,193.1690141,203.75,224.5454545,219.5522388,218.8888889,244.7142857,263.2608696,256.1213636,237.5,267.7536232,238.3571429,251.7631579,254.3428571,229.6666667,225.2435897,245,226.7439024,231.969697,216.0449438,222.8846154,227.28225,223.7951807,227.9850746,241.2837838,232.1875,209.6578947,218.7096774,239.4512195,242.9113924,232.1518987,244.4746835,252.0481928,257.2535211,297.5,269.5333333,279.0909091,256.1428571,295.9375,299.1216216,277.48,282.5689655,290.078125,270.1190476,275.8928571,268.8311688,294.1451613,284.3563218,288.5820896,306.147541,293.3870968,302.5609756,278.4722222,320.0240964,314.3373494,329.0677966,311.9285714,324.9230769,310.8309859,285.9259259,308.0684932,331.2,312.8688525,290.859375,345.8,342.96875,350.5715278,343.4516129,366.3888889,397.5168421,387.1276596,385.1428571,407.9714286,364.1129032,417.7169811,413.9240506,477.5949367,450.3571429,391.1029412,421.8625,478.015873,457.1830986,448.2692308,448.0897436~Auckland,St Lukes/Sandringham,Total,Total,178.6769231,175.8029197,183.0227273,177.5,175.875969,193.1192661,201.557047,209.4094488,222.1052632,229.99,239.5217391,234.1589404,247.9710145,270.5117647,257.5,266.1830065,261.0402299,282.2033898,260.2388535,259.2528736,266.6096491,257.48,251.4099099,252.7426901,242.0562771,240.8489583,244.0549733,247.3674699,252.1778846,251.0555556,245.7647059,234.9329897,250.3139013,236.606383,262.1022727,259.1946309,259.4642857,279.3910256,290.5675676,292.9320988,304.1388889,302.2699387,314.4179894,317.2067039,325.0555556,308.8280255,306.2962963,329.375,327.3109756,329.7849462,321.5060241,311.0558659,329.5157068,331.933908,318.7278912,332.5,336.6804124,334.6206897,350.1609195,356.7468354,347.2848485,360.6388889,376.3494611,346.1956522,369.0217391,360.2610063,354.0410959,365.7006369,361.9722222,363.2446043,389.0116959,395.1420118,384.8979592,423.8617886,417.0763359,403.2232143,435.3604651,431.9444444,418.3076923,422.1690141,445.2745098,462.9749412,436.2517007,443.198895,429.4722222,455.4401198,455.8580645,446.2459016,462.1304348~Auckland,Three Kings,Total,Total,169.5714286,184.1818182,204.6666667,185.6451613,212.5675676,205.3846154,208.6486486,211.1666667,252.3030303,253.75,246.5714286,259.72,272.2093023,297.2222222,269.3589744,275.7142857,289.4594595,275.1086957,274.8648649,285.7352941,261.1320755,258.8596491,250.2,253,257.0535714,242.0652174,256.4634146,254.4047619,276.0526316,264.6666667,262.1698113,244.75,276.6666667,273.2068966,262.1333333,281.3709677,286.122449,315.2564103,314.7058824,344.5555556,344.3644068,322.4418605,306.0344828,328.8023256,339.1176471,331.4925373,350.9298246,311.3461538,334.9264706,317.6666667,351.8867925,332.0212766,355.8823529,352.3333333,336.3636364,356.2254902,367.8030303,350.125,367.890625,369.4818182,382.1153846,385.6896552,377.6851852,364,389.1509434,389.9152542,384.3111111,388.1707317,380.6491228,416.3559322,414.3589744,379.7959184,412.7777778,452.3636364,420.8333333,447.5757576,455.8163265,418.0833333,425.9803922,430.1666667,466.4655172,465.75,444.6875,445.1886792,506.7213115,480.6744186,447.244898,487.5,506.9148936~Auckland,Waiheke Island,Total,Total,159.3333333,153.7777778,151.7952381,137.4117647,155.3977273,152.0492857,157.7586207,168.0113636,171.3186813,177.8365385,191.9736842,212.75,212.4380165,208.277027,204.1059603,216.7576,246.6470588,219.8770492,223.6637931,237.7631579,229.0686275,215.5154861,221.1149495,223.88,215.9233333,223.4907407,206.1204545,237.556391,227.3303571,228.1854839,234.375,237.9548872,248.3,240,246.5359859,248.5185185,245.9676724,255.8394161,260.2916667,281.2155963,295,272.3489933,296.2810429,277.9985507,300.625,282.195122,267.8660714,301.3015625,293.0694444,298.0434783,317.856,296.536,283.4472656,308.3986014,298.72,306.8253968,302.0866142,310.40625,317.5524476,323.6105263,378.627907,376.6768293,347.8346457,350,387.0865,344.0316912,325.261194,368.146789,355.9895833,375.7240741,352.0833333,361.2735849,362.8235294,393.531746,382.248062,383.6,395.7842105,415.192,381.672,403.7191011,408.8961039,425.3539823,425.6396396,437.9047619,425,433.6764706,426.0483871,429.1294118,536.5243902~Auckland,Waterview/Avondale Heights,Total,Total,165.3508772,176.3793103,184.6153846,180.890625,177.6428571,192.8857143,203.75,210.7666667,208.4057971,228.5810811,232.5308642,227.5352113,247.9166667,260.862069,244.7777778,257.4814815,259.9494949,257.877551,262.5520833,243.2795699,254.7619048,252.4361702,236.1458333,231.7757009,234.2931034,234.3307087,236.1206897,229.7578947,244.1495327,238.5714286,246.3679245,236.1770833,232.3643411,235.8942308,240.8234694,236.7263158,197.1716667,195.5824176,217.0248227,261.4375,303.9431818,291.6933333,298.8944954,306.97,290.9814815,301.9411765,310.8415842,297.0224719,302.4141414,310.3137255,313.1313131,298.5909091,322.9381443,302.127907,319.9036697,297.0222222,332.8181818,320.7307692,325.847619,324.3111111,322.2653846,339.5877193,331.0900901,344.2264151,345.2903226,365.5757983,281.6640625,344.3978873,338.9108911,363.2795699,343.6259542,366.4356436,351.4854369,375.8686869,375.1666667,393.7037037,382.0183486,379.4871795,418.9622642,393.4375,402.1346154,427.0754717,415.1351351,403.8192771,427.7027027,423.0412371,439.05,427.5384615,436.5222222~Auckland,Western Springs/Morningside,Total,Total,167.4418605,165.6097561,161.5909091,187.8571429,178.7719298,180.9259259,193.6746988,202.0754717,217.5757576,221.8852459,227.3287671,229.9454545,225.5147059,233.6231884,249.3835616,254.8979592,269.7560976,279,238.8552632,255.5352113,238.6027397,250.5487805,225.8965517,223.4938272,240.4591837,239.5205479,237.2033898,239.4186047,229.5862069,246.7424242,242.7789474,256.2631579,258.4322034,252.0008081,241.9473684,270.2777778,257.0833333,284.0441176,283.7356322,291.2980769,334.7689076,318.1666667,314.3636364,314.4444444,308.5638298,333.4698795,332.3195876,335.5,323.6111111,310.2752294,330.8064516,351.8881119,339.8591549,344.158777,333.9370079,337.9274194,340.5426357,354.1037736,350.2403101,363,365.1550388,374.6180556,354.84375,385.7598039,377.5,364.4915254,391.259542,365.5714286,379.7777778,379.6460177,390.7333333,366.1847826,394.7916667,411.4473684,428.2503922,434.3548387,422.5688073,419.5673077,419.1415094,432.0098039,454.137931,423.3858268,450.6756757,442.0291262,478.1481481,493.5148515,423.4166667,459.8850575,488.7211538~Auckland,Westmere/Surrey Crescent,Total,Total,210.5740741,210.4358974,231.4878049,212.5,229.7777778,226.1627907,276.7346939,253.5869565,306.3392857,319.2592593,309.9253731,308.5849057,302.9193548,335.8955224,319.6385542,350.6617647,316.5,335.4779412,339.3506494,345.9883721,333.2985075,357.7058824,334.7619048,325.2597403,351.2921348,335.0617978,361.4473684,318.630137,340.5681818,341.3815789,326.6111111,322.3913043,335.0638298,359.5890411,361.9375,371.8421053,361.5671642,411.5202703,410,413.5074627,434.3548387,429.9263158,416.0833333,421.6346154,416.6666667,449.3932039,449.0116279,403.1690141,434.6547619,426.9318182,415.0684932,413.4827381,435.4,457.2941176,423.203125,464.4602273,452.4719101,464.2307692,477.2272727,538.9361702,502.1830986,524.9101124,511.3461538,472.260274,543.6,489.6666667,491.6666667,508.1724138,524.5205479,555.4117647,462.5,508.6805556,561.8382353,580.1875,543.6428571,581.0655738,582.8461538,578.2,552.4683544,532.3275862,648.6567164,626.8292683,594.343956,656.025,596.4925373,641.2837838,627.6506024,684.2253521,645.0641026~Kapiti Coast,Paraparaumu/Raumati,Total,Total,162.1130435,155.4529915,151.1764706,151.2903226,160.9090909,154.7482014,160.9651899,161.8712121,167.5,164.4585987,169.4720497,166.1810345,180.3823529,185.0734463,185.7942857,188.136646,189.9748171,198.2079208,198.9772727,200.1891892,199.4417476,198.4624277,200.3587444,200.6887755,202.60181,199.0826446,207.4274194,202.3364055,207.498008,212.5464427,209.6606498,206.1666667,210.5404858,210.7635983,207.6574803,215.9417176,214.1836735,215.5509635,210.2888889,212.5285714,223.3755274,219.2762238,222.2105263,224.562069,225.1423611,228.1684982,226.5894737,239.5081699,232.6525424,238.3594178,237.7319588,252.7912088,259.4933921,260.0141343,258.5998099,277.1377953,279.3362832,283.4503817,298.4226384,293.8640873,300.6058559,308.0877193,299.1444223,311.5321429,318.4419476,314.7794613,313.502008,327.0742188,318.9888462,330.6574394,329.043956,328.6228814,333.6124402,326.9007634,330.92,339.4092827,341.5371179,340.7033898,342.3508772,342.85375,339.139738,337.1064639,343.4579439,347.8066914,355.8188976,355.1666667,359.3709677,342.1050228,366.625~Kapiti Coast,Waikanae/Otaki,Total,Total,140.4285714,141.637931,138.9285714,143.0327869,135.6441558,138.7362637,141.474359,139.0766667,148.877027,143.4615385,150.3018868,152.5287356,153.8647059,159.7524752,156.1023622,161.7653061,160.8652174,161.8918919,167.7196262,161.5740741,179.3333333,177.5207921,177.9824074,175.36,179.137931,181.3380282,175.0642857,190.106383,179.4921875,177.3611111,178.5245902,183.9492754,186,187.75,176.6071429,187.1904762,184.233871,187.3943662,188.6923077,188.5867769,186.740458,187.85,194.1903846,198.0218182,193.3823529,194.0769231,205.05,210.5217391,204.2179104,215.3797468,210.6976744,217.7190083,227.8534483,223.1196581,224.603254,234.1129032,233.3076923,254.25,252.4411765,267.9029126,268.8358209,266.273743,276.1631206,275.8802817,268.29,275.1505376,266.7168675,271.2937063,287.3007246,281.0294118,278.6012658,281.0820896,277.7024793,283.3111111,289.3333333,300.3461538,300.0269231,293.630597,302.4042553,310.2457627,298.3082707,308.5789474,306.9026549,314.2248062,319.5877863,325.8264463,313.3238636,326.5447154,324~Manukau,Botony Downs,Total,Total,286.0483871,261.5306122,278.7213115,282.7840909,307.1446809,295.8928571,299.0957447,301.25,312.962963,313.6290323,337.173913,340.3125,359.0506329,348.5483871,340.4494382,343.5888889,349.4382022,354.4382022,337.0283019,343.8953488,348.2380952,337.8350515,341.9911504,335.245098,330.1203704,341.0619469,337.3931624,343.3333333,340.3478261,341.2765957,343.1067961,347.7272727,335.5092593,351.7,347.7777778,354.6434959,353.8317757,360.6574074,389.0860215,373.5981308,373.3018868,385.1351351,386.5929204,398.4313725,383.5964912,387.1028037,384.7247706,389.9122807,378.7310924,395.1442308,385.5882353,401.5319149,389.5483871,402.8404255,414.4565217,427.5980392,416.3153153,438.0430108,421.8076923,444.1666667,419.0506329,448.293578,463.655914,464.1318681,466.3541667,449.8245614,458.1034483,479.6161616,470.1123596,480.7647059,482.9651163,480.9782609,484.5505618,512.1126761,506.3,512.2307692,518.4487179,516.5048544,524.4444444,537.1134021,529.2916667,536.1881188,527.5238095,541.4049587,535.7472527,532.0689655,551.9545455,531.875,567.8440367~Manukau,Bucklands Beach,Total,Total,233.8888889,214.0880645,247.0655738,245.9090909,307.875,272.3684211,264.4444444,275.5918367,312,287.9365079,291.9152542,297.0754717,288.1666667,300,326.744186,307,326.0606061,305.0793651,302.03125,309.8101266,313.115942,314.3125,305.5797802,282.2916667,281.9411765,285.7433333,292.3484848,291.796875,303.630137,287.5373134,311.3485915,289.4594595,335.5479452,318.116044,315.5232558,324.6511628,341.8382353,367.4666667,360.5076923,371.6911765,399.4444444,365.2054795,360.75,376.1971831,362.4701493,367.0714286,361.0769231,363.8679245,361.6935484,363.7294118,384.16,427.9807692,387.7192982,412.4193548,401.122807,430.0980392,425.2027027,435.9365079,438.6184211,446.09375,450.8823529,456.5789474,460.8870968,487.0945946,474.4594595,458.0853659,451.0684932,484.8170732,457.016129,496.2686567,457.6428571,475.7142857,453.968254,497.2307692,547.3333333,550.8695652,520.3521127,504.7794118,481.0493827,557.25,519.0540541,543.164557,540.1724138,539.9253731,538.1058824,535.8730159,533.4146341,553.5245902,592.2222222~Manukau,Dannemora,Total,Total,NA,NA,NA,NA,NA,NA,297.5,NA,NA,318.75,NA,NA,242,NA,NA,NA,348,NA,366.65875,361.8181818,363.6111111,372.9166667,337.1111111,351.25,348.6363636,354.7904167,360.7803125,381.5217391,395.2564103,358.9344262,361.7460317,348.975,334.2916667,366.6363636,315.045045,358.3297872,361.1702128,370.5172414,387.4087591,385.2546584,399.7126437,408.0481283,397.1072961,405.0314136,419.8170732,400.4619565,395.142132,399.939759,392.7661692,392.1111111,388.2258065,380.3208723,389.2450593,389.8404255,391.6666667,419.1777778,410.2710623,412.4517375,428.7938931,441.199187,430.8738739,458.237037,445.6304348,449.4560669,445.2678571,460.1320755,450.9478673,465.9875622,454.907489,472.8172589,474.1446078,465.6778846,501.1603774,484.9815668,482.8827039,497.7005348,503.7258065,513.5279188,498.4078212,527.5232558,510.546875,532.1261682,521.6129032,523.4140969,539.4680851,521.4271845,538.0630631,564.6644295,566.1079545~Manukau,Half Moon Bay/Farm Cove,Total,Total,224.140625,232.7727273,224.0983607,240.625,232.3636364,270.7869231,258.2692308,268.7,268.6956522,298.7096774,279.7058824,308.6567164,301,311.6521739,300.2596154,324.9090909,314.8780488,306.1265657,308.75,299.9545455,308.5436893,306.2272727,289.2844828,289.45,298.7698413,283.4649123,299.2608696,282.5688073,290.5952381,294.6938776,293.5217391,286.7821782,284.8469388,293.9673913,287.9666667,292.0140187,305.212766,317.7300885,317.4157303,312.7865169,322.13,347.2527473,330.1160714,339.2307692,339.6846847,340.0543478,339.6919643,333.3,322.3417722,328.3619048,346.8072289,344.0384615,332.3033708,341.7391304,350.8510638,369.469697,376.352459,367.5625,368.655914,397.4675325,384.2777778,399.9259259,401.7361111,397,384.8148148,417.5,395.0649351,397.9069767,392.474359,428.3928571,416.5263158,414.3333333,445.7352941,430.7575758,434.5555556,415.2153846,443.527027,460.7575758,451.1935484,444.1764706,461.9506173,456.5168539,477.6551724,461.1052632,454.9553571,456.5384615,486.5454545,489.2352941,506.3235294~Manukau,Highland Park,Total,Total,222.5855263,225.5,234.939759,242.9357798,244.4158879,239.5714286,257.6890756,257.0842105,272.8070175,279.9186047,280.2083333,297.3469388,293.3333333,301,305.0058594,299.4230769,307.45,307.9583333,295.2046784,297.2068966,295.6569343,286.1313869,294.5567039,280.7615894,288.2071429,283.8275862,285.5414013,283.8976378,282.4788732,285.1102941,287.6369863,273.7828947,283.4659091,287.9370629,297.0261438,297.7737226,296.8791946,311.0714286,318.647541,327.9794521,321.8181818,346.0780142,329.9337748,329.4890511,337.9527027,342.2916667,321.1594203,328.8051095,330.729927,320.5279503,337.5,336.6715328,347.443609,338.2666667,362.09864,361.9130435,369.6024096,367.8813559,382.6771654,398.1060606,387.6796875,393.2231405,393.1651376,389.9186992,396.173913,382.7532468,400.8548387,413.6046512,402.2237762,413.2307692,411.4634146,413.677686,416.2408759,420.9649123,411.1466667,438.3333333,434.2627737,455.9007634,440.0653595,451.3671875,441.6,446.3548387,459.6666667,454.845679,464.8958333,467.015873,462.5378788,492.1257353,483.8712121~Manukau,Howick,Total,Total,227.0714286,205.0684932,232.7016129,215.2898551,229.5890411,229.21875,227.2368421,229.0909091,241.875,250.4651163,235.8854167,259.5930233,282.1910112,277.3484848,277.0731707,289.0952381,300.8730159,291.2149533,286.0550459,271.1111111,276.5714286,271.6129032,269.736,276.453609,280.557377,273.5769231,267.4144144,286.7178378,278.5897436,272.1014493,285.52,270.6778523,281.3308271,266.0533333,281.4925373,299.222973,291.4827586,300.6040268,302.7642276,325.9401709,320.3828125,329.1322314,323.2384768,334.0604027,334.6538462,331.4942529,315.7348485,326.5546218,335.7573529,345.2945205,336.6587302,336.2424242,334.9214286,346.5215217,355.4222628,342.889916,351.1944444,363.4444444,378.2733929,386.43336,385.8027523,385.5035211,399.3351064,403.2581967,393.0457746,384.6973684,407.1495327,417.4649123,388.5683761,400.0486726,403.705036,407.5724138,436.2377049,430.2901786,431.1060606,451.1153846,425.6810345,423.5436893,446.3275862,440.3809524,457.9831933,452.8333333,451.980198,458.4173228,460.9519231,482.3951613,473.3695652,471.6517857,485.4038462~Manukau,Mangere,Total,Total,144.9545455,172.1428571,167.3684211,162.8723404,155.64,179.2307692,177.3529412,191.2121212,187.5,188.375,191.8571429,200.625,218.0392157,229.5555556,205.2380952,239.5689655,221.5555556,249.5967742,240.4848485,239.4666667,255.4310345,231.1267606,230.0930233,231.9672131,235.78125,224.0909091,224.025974,238.2539683,244.0540541,237.7054795,231.1290323,223.2352941,231.6424051,247.4025974,243.7058824,238.3809524,236.3055556,250.5696203,248.0128205,274.956044,288.5696203,261.8815789,275.1666667,289.8947368,288.1171171,275.9032258,279.2790698,278.5237634,288.1896552,288.6734694,283.045977,296.5897436,297.5365854,296.173913,298.6022727,318.75,304.6212121,314.5487805,321.2650602,324.025974,330.5652174,343.6666667,343.75,347.1585366,345.6756757,337.5483871,351.6911765,329.5294118,362.8676471,365.1898734,352.7319588,350.7470588,349.1488095,405.5211268,391.862069,377.0833333,394.3846154,394.26,394.5140449,398.4885057,395.1875,407.2376238,403.961039,400.8172043,412.2857143,431.7605634,403.8117647,438.974359,441.9230769~Manukau,Mangere Bridge/Airport,Total,Total,173.9705882,172.9310345,170.8333333,177,179.4117647,201.1764706,186.0526316,200.8571429,200.375,217.6829268,233.627451,229.0789474,254.4772727,253.5227273,237.0652174,255,271.2765957,256.5454545,253.75,249.6551724,255.4385965,267.0689655,249.1666667,246.0810811,243.1355932,235.0877193,244.2934783,255.7195161,231.875,250.0666667,247.8358209,247.4,247.8970588,234.375,253.1756757,239.2650602,263.436,243.0701754,275.3275862,260.0352941,258.2307692,280.057971,282.6184211,306.2409639,305.2307692,317.407874,326.6666667,320.3157895,299.8305085,309.6330275,316.3516484,314.4545455,308.8666667,318.6489362,335.6904762,306.5072464,351.3265306,329.5729167,342.4246575,366.0493827,343.5671642,358.9873418,373.0543478,352.7777778,364.2063492,355.6078431,363.1038961,353.8059701,366.2162162,384.4230769,386.8292683,387.9615385,377.5,396.3513514,382.8666667,409.3220339,384.0175439,402.654321,408.4810127,393.2575758,376.1285714,411.6853933,385.6197183,415.7804878,421.3114754,464.3235294,422.1551724,457.7205882,425.234375~Manukau,Mangere East,Total,Total,149.15,142.1428571,155.435443,149.7631579,153.3035714,175.6101695,171.1186441,174.0769231,174.5833333,192.265625,195.3521127,204.5,206.2698413,215.5555556,218.4269663,230.4705882,233.7058824,226.606383,240.787037,220.8241758,229.0425532,227.3684211,218.6842105,213.9634146,213.4090909,215.212766,207.3232323,214.5833333,217.2222222,204.75,215.4901961,210.9787234,223.0956522,211.1650485,206.3275862,207.6964286,225.3896104,225.8658537,228.0978261,233.3409091,242.9651163,240.8139535,246.0721739,254.2380952,247.3451327,265.4803922,255.1630435,257.6896552,268.172043,264.3684211,274.5436893,253.4380952,268.0394737,279.35,270.8901099,287.7888889,276.425,300.8796296,292.0088496,296.3253012,300.5405405,310.1010101,307.5346535,305.4787234,305.7222222,307.3584906,311.8918919,301.9102564,322.6630435,310.6179775,315.4444444,332.8125,317.9565217,320.5172414,341.3809524,344.4067797,346.183908,366.7058824,366.4903846,369.8529412,374.7126437,340.4597701,354.6315789,380.6637931,368.8311688,380.3883495,375.9322034,392.9166667,393.1168831~Manukau,Manukau Central,Total,Total,175.4166667,171.442623,167.4137931,191.627907,181.6,188.2692308,196.2686567,192.0238095,199.7826087,199.787234,209.4897959,224.6511628,230.3174603,223.0357143,234.2372881,242,240.4716981,253.5632184,261.9375,262.2777778,241.5969136,240.0561798,242.3596491,236.7934783,237.2282609,243.7640449,237.0224719,228.8690476,231.1682243,218.8709677,227.3333333,214.0666667,226.9888889,233.956044,225.8227848,233.4507042,233.3544304,240.9493671,234.8666667,251.3619048,264.2105263,272.8888889,281.9647887,281.0894309,283.1140351,294.1964286,271.7204301,288.2644628,282.2857143,282.9411765,278.9449541,278.5858586,297.9908257,293.6036036,290.4793388,305.8421053,306.5909091,315.9459459,315.0390625,317.4074074,324.6039604,316.32,323.1097561,323.9285714,323.9,317.9640719,324.3461538,311.8269231,328.9130435,327.2619048,335.1013514,344.0265487,330.0900901,350.5462185,337.96,360.2259036,356.1797753,356.6166667,358.5784314,354.3452381,350.7065217,366.8803419,371.4563107,370.24,361.746988,366.5462963,364.5925926,391.25,375.9302326~Manukau,Manukau Heights and Manurewa Heights,Total,Total,219.0714286,230.5,236.5217391,234.3333333,257.173913,223.1818182,259.1666667,257.6666667,283.9285714,309.6875,300,258.25,324.5238095,293.0434783,389.4117647,279.7368421,300.1923077,296.6666667,310.4513889,320,305.2272727,299.0789474,292.2790698,306.0294118,305.3389831,305.8695652,290.3224194,300.7446809,282.18,289.4366197,305.2884615,310.8196721,301.328125,301.630137,290.0921053,314.2698413,314.2,320.6626506,327.5050505,335.3541667,332.6875,349.362963,334.4444444,339.1583333,343.968254,337.689441,340.9489051,350.0126582,345.3589744,352.7070064,350.4365079,343.0534351,341.8692308,358.1153846,372.1484375,367.3953488,379.3971631,384.280303,378.259542,394.9537037,393.7096774,418.5481481,412.4390244,405.5419847,417.7173913,405.2611465,410.5096774,408.0761905,422.0333333,424.0277778,417.7666667,431.2987013,429.8148148,444.40625,442.7829457,450,453.2857143,464.7973856,461.2589928,470.7563025,475.8264463,468.0671642,471.8939394,466.0655738,451.5827338,488.1465517,502.6564885,498.2989691,506.8181818~Manukau,Manurewa North,Total,Total,169.4860406,172.4199438,178.6341463,175.5402844,175.358209,184.4761905,185.3179825,186.0159817,190.8237885,196.7333333,206.9636364,210.8379447,222.0486891,231.7374005,233.1047904,242.4281609,242.753592,250.0947631,246.5310493,240.7325301,246.2368421,243.3360489,234.8468271,231.7579365,232.574359,230.9532967,225.9717391,224.4078341,224.0762125,224.1032864,221.376652,218.8233831,219.0157767,218.5987395,220.5930201,222.2121212,222.5584726,239.6256158,234.7210402,238.3549223,241.1666667,244.0516432,251.9815195,255.6844444,262.0396759,260.0564334,259.4209246,263.0990783,259.0678808,265.4042105,272.4693878,269.9118388,272.9111748,273.9808201,278.4014963,282.099723,290.7678571,292.4125964,296.8966942,301.3223352,311.3236152,309.3472906,316.6831169,310.5956284,314.9931507,314.9672705,318.8901919,323.1458333,321.9166667,328.8977273,333.6865672,337.546729,339.0276243,345.2038123,353.7535885,354.9840256,354.002681,361.8936652,370.8967033,371.0265252,379.4594595,385.723356,380.6823529,392.4884211,394.0235294,402.0689655,410.6626794,421.3109453,425.5343915~Manukau,Maraetai/Clevedon,Total,Total,200.6060606,163.5135135,199.375,194.4827586,189.6666667,201.2121212,201.744186,215.8888889,237.8086047,254.9375,200.2761538,237.2916667,268.5897436,250,237.7272727,269.6551724,265.4285714,260.3921569,274.893617,262.3529412,260.326087,273.4568966,246.0276563,276.1363636,251.7213115,274.7413793,265.4032258,305,249.3,266.5441176,272.761194,252.7192982,275.462963,270.6779661,270.3411765,283.2027027,267.5757576,296.8548387,313.3875949,323.115942,331.4705882,309.5180723,326.9176389,307.6829268,373.3606557,350.1704545,334.94375,335.3370787,315.625,348.0660377,334.0625,352,378.8043478,366.7857143,362.3913043,376.7647059,394.53125,394.1752577,403.5338346,421.4754098,417.175,447.3381295,419.1052632,426.7744361,434.9122807,433.1851572,417.2635135,427.6131373,447.4789916,443.4051724,432.375,458.9256198,467.1568627,441.4782609,469.4117647,452.3563218,458.9090909,444.4094488,483.4210526,485.0105263,504.7159091,497.2357724,513.4285714,483.1428571,493.9047619,515.8181818,533.0215827,493.0510204,502.5~Manukau,Otara,Total,Total,170.9310345,165.9583333,164.3478261,172.2222222,160.3125,183.125,175.78125,179.516129,186.4,198.1944444,219.9714286,225.8974359,215.7142857,232.5925926,240.7894737,244.4318182,242.5,242.0041538,244.7457627,237.9444444,240.8219178,241.6280488,236.5384615,226.7808219,225.2857143,221,218.6440678,219.9264706,220.9259259,218.9814815,215.5797101,230.2222222,218.6615385,220.6363636,220.3731343,222,222.9,235.2702703,225.3125,231.6964286,241.4516129,245.2727273,245.4461538,266.5671642,267.7066667,267.1782178,270.1234568,285.1647059,268.9459459,287.4536082,286.5048544,282.1702128,286.9893617,291.3362069,287.9381443,291.9117647,303,305.8854167,298.245614,302.03125,307.7391304,316.0909091,314.68,311.875,328.9855072,321.7,308.2738095,329.6938776,337.9885057,347.8444444,335.1415094,338.1609195,351.1428571,358.4567901,355.2941176,353.4920635,356.8625,367.0098039,368.3505155,381.7261905,382.0121951,383.6041667,385.978022,391.79,393.9375,393.956044,411.7747748,412.2380952,409.1176471~Manukau,Pakuranga,Total,Total,201.2941176,197.2222222,205.7594937,203.7878788,214.3298969,233.7362637,228.3333333,238.5714286,250.5844156,246.0493827,252.827957,272.3563218,265.1041667,289.587156,266.2,282.3245614,284.953271,289.0298507,288.7062937,276.5,273.8686131,276.3257576,278.75,262.0454545,269.8658088,268.0851064,269.094,270.3187919,264.2307692,259.4680851,259.7661871,262.5429688,265.2148148,254.796748,260.5384615,269.0076336,268.4285714,277.5221239,299.5604396,294.6793893,302.2068966,294.4144144,306.71875,312.5630252,313.6449275,310.8467742,307.8888889,308.3865248,314.7933884,316.3030303,320.768595,321.9485294,322.4358974,315.6355932,333.2905983,333.5046729,327.3214286,353.9172932,346.9565217,359.3145161,373.2436975,363.4859155,361.4215686,369.7692308,373.4375,359.969697,376.6239316,373.828125,390.6666667,375.4424779,373.75,380.4705882,391.7540323,386.8852459,384.6598639,402.6923077,406.8867925,406.2598425,414.4326241,412.2535211,415.0714286,415.9060403,429.5357143,465.4195804,422.5185185,429.0839695,435.6944444,452.1138211,449.1139241~Manukau,Papatoetoe North,Total,Total,170.5381944,176.3513514,166.625,173.2407407,181.2333333,172.8688525,180.8947368,185.6617647,185.8030303,195.3859649,211.9863014,207.0606061,210.1375,225.859375,237.6086957,239.7727273,241.2318841,251.4825581,233.0898876,233.6734694,227.2560976,240.4591837,229.9130435,238.8834951,230.720339,225.5128205,232.5581395,221,218.3139535,229.9772727,225.2678571,225.3723404,218.553719,232.3611111,225.9722222,240.7037037,247.7319588,238.2417582,254.8,242.58125,239.6846847,268.2795699,261.6336634,251.0454545,279.4419643,270.1456311,289.7835052,274.9649123,283.7727273,274.0454545,277.6126126,284.9137931,274.9082569,284.6428571,277.4778761,287.7765957,289,304.7789474,312.4299065,309.8181818,322.7884615,315.6074766,321.9512195,314.1954023,323.75,331.7247706,318.4772727,314.6296296,322.8333333,350.6521739,336.7471264,351.2209302,358.8271605,357.8333333,347.9230769,296.6853933,356.2777778,359.2261905,340.6666667,378.6764706,365.2702703,370.5747126,373.8349515,373.2,389.1170213,406.6304348,395.0053191,410.1428571,419.556962~Manukau,Papatoetoe South,Total,Total,158.6068376,161.875,160.766129,167.7531646,169.8030303,169.4483929,174.7794118,171.712963,183.7168142,188.3991228,192.4561404,206.6336634,210.5220588,211.637931,223.2142857,222.8536184,222.7328244,236.5693431,236.7555556,228.566879,230.0158228,230.9803922,232.4566474,224.1610738,213.4876543,218.6734694,223.0333333,213.9327485,220.8333333,210.5714286,222.1192053,215.0955414,225.8853503,223.8375,218.2645161,222.2619048,222.0378788,230.1068702,244.4558824,234.8275862,247.5241379,248.3461538,255.3708609,247.8496377,260.7264151,255.3404255,266.9565217,253.896,262.4056604,268.9597315,265.7533333,275.1048387,273.8686131,277.8053691,281.0714286,280.1982759,305.7313433,293.6,312.4203822,304.748062,298.6725664,316.4274809,314.3712121,304.3759398,313.6666667,310.4732824,311.1695652,313.6808511,317.8790323,312.2647059,322.2695652,340.1754386,326.1538462,326.0209184,351.2083333,329.1666667,347.5643564,347.3591549,353.452381,354.5263158,352.21875,373.5826772,381.9097744,381.52,386.3392857,376.362963,398.0434783,389.0234375,395.1709402~Manukau,Papatoetoe West,Total,Total,159.6212121,159.0404494,163.7037037,163.3461538,169.2261905,167.7608696,171.8137255,181.0666667,176.1184211,190.6428571,186.7142857,203.2716049,206.4864865,222.6219512,219.3406593,214.137931,234.4897959,241.576087,227.0116279,232.0555556,237.5268817,239.0625,232.0542636,229.0212766,217.4253731,218.6407767,217.4090909,220.0438596,210.4482456,215.9159664,213.8135593,218.2791753,207.1126761,209.7567568,222.6542056,215.3813559,214.8148148,218.1443299,231.3690476,236.8333333,231.4954128,243.2808989,251.9732143,244.6048387,264.0306122,261.4534884,254.875,259.8660714,252.255102,269.9302326,253.3185841,270.1764706,261.6627907,284.4736842,274.8316832,283.6764706,287.0642202,288.9339623,305.2654867,282.7252747,291.0843373,313.75,300.6914894,302.7608696,322.6086957,308.9719626,309.4299065,310.1470588,321.8125,313.7179487,334.3635443,327.2560976,328.9473684,349.3571429,327.6393443,333.8028169,327.7777778,361.4634146,358.6363636,344.1333333,370.9848485,373.5769231,382.9459459,383.9285714,374.4505495,379.1666667,390.8947368,393.3950617,408.8194444~Manukau,Wattle Downs/Conifer Grove,Total,Total,210.9473684,206.8085106,217.4,220.7894737,222.2916667,217.0754717,222,225.2,210.1153846,241.5384615,252.2222222,245.1162791,264.375,265.3658537,275.3571429,272.6470588,269.5238095,279.4915254,293.4782609,271.984127,281.3392857,280.4918033,263.125,267.5675676,267.7083333,270.2941176,256.4383562,252.4193548,247.2395833,266.5151515,265.234375,253.1351351,259.5733333,264.9605263,254.961039,258.6521739,262.8970588,264.875,276.6455696,268.490566,282.8873239,303.0491803,308.0340909,301.0365854,290.3787879,300.1630435,306.2068966,304.9230769,313.0064286,320.4705882,331.4166667,330.5645161,315.952381,335.5921053,310,335.7377049,345.761194,343.6911765,361.1428571,351.880597,368.0357143,380.3571429,375.7931034,369.5394737,383.75,376.5853659,361.7647059,359.24,371.4516129,398.8461538,396.2195122,370.6730769,379.2241379,396.2765957,390.0972222,385.3125,394.7115385,417.6851852,410.6617647,398.7333333,416.0576923,432.9220779,435.9016393,407.9411765,437.5961538,434.1346154,440.7142857,445.298913,461.4590164~Manukau,Weymouth,Total,Total,187.7777778,177.3529412,181.25,194.7727273,195.25,207.3809524,192.3684211,195,213.1818182,221.75,226.7241379,228.28125,238.5483871,242.2368421,242.7777778,259.5652174,266.5116279,264.5192308,269.1803279,257.8333333,261.25,250.0847458,247.8,246.2711864,236.3414634,249.5081967,234.4339623,241.1111111,244.4444444,246.6428571,237.0338983,241.4772727,237.7356322,242.6119403,240.1724138,236.6721311,246.9454545,248.9285714,255.1153846,266.5671642,266.0657895,268.2941176,271.3978495,292.1111111,263.3055556,285,284.9583333,289.0384615,279.7580645,290.2804878,315.2985075,294.8214286,307.5,302.3404255,300.5901639,320.2272727,315.4165625,328.4025974,326.2025316,315.7846154,322.2058824,384.78125,345.4487179,331.969697,343.21875,335.6329114,331.7258065,330.8653846,340.7971014,346.9322034,355.8333333,348.6716418,341.7619048,368.9705882,352.7868852,367.983871,402.5423729,392.6973684,390.8333333,390.2542373,391.984127,416.9871795,391.8253968,412,412.7333333,415.3220339,411.2222222,440.1851852,446.3492063~North Shore,Albany,Total,Total,192.5,243.3333333,198.5714286,NA,239.2307692,220.7142857,243,NA,278,212.8571429,266.4285714,323,278.6363636,301.6666667,252.5,304,243.125,309.6875,305.8333333,258.5714286,271.8333333,268.9285714,291.6666667,263.2894737,261.8571429,165.7053571,229.925,259.106383,257.9903846,194.9256198,232.4492754,252.3731343,272.173913,279.2459016,276.5507246,297.5974026,301.2903226,213.0811518,263.3544304,306.3793103,273.9636364,310.4819277,327.295082,367.8962264,281.25,345.443038,348.3157895,323.1879195,342.2302158,263.9578544,346.4492754,334.3974359,273.9400922,338.2787879,327.4825871,325.9404762,306.8,301.8108108,341.6471861,348.7287234,304.8362369,365.8727969,376.0577778,384.8691099,412.7463415,302.9020173,335.895,395.5521472,297.1441441,394.0106383,362.4398148,364.7668712,314.4076412,370.9060773,390.8667883,353.2902439,391.334978,304.0154762,380.4803493,409.2005556,430.2955,334.0362069,379.6179487,440.5053476,382.1508835,369.9545455,399.7264957,411.6502463,454.0679612~North Shore,Beachhaven/Birkdale,Total,Total,193.4722222,189.3308824,195.9741379,197.34375,203.7586207,215.6027397,215.7439024,227.8082192,233.1689189,248.8380282,241.700565,251.0306748,254.2121212,267.8426396,260.0671717,270.1420455,273.1229947,262.6446281,259.5854922,254.525,263.0103627,251.4204545,250.9033613,237.3300971,233.7061404,244.1473214,242.5817308,244.5416667,244.744186,243.3969072,245.4481132,244.3401015,247.8486056,246.3364929,255.2365145,249.6436782,261.2282158,270.7653061,274.4225888,283.9223744,294.9745763,304.8761468,300.3801261,307.6051502,308.2319392,306.4272727,307.4978723,307.4083665,319.4159292,322.0247934,323.5991379,317.3638614,318.3098592,324.2268519,328.2190476,324.3333333,337.0535714,341.6025641,350.4054054,354.0606061,366.2646067,357.25,364.4540816,357.0913462,350.0128889,355.3033473,356.754386,358.797235,370.6382979,375.2029703,368.8521739,370.8928571,390.75,381.85,407.4197861,390.6083333,407.3082192,408.6235955,412.3267327,425.0141844,411.4423077,413.6939891,432.375,436.4804469,442.5535714,454.8,436.2128713,438.9552239,448.4457143~North Shore,Browns Bay,Total,Total,222.6415094,222.375,227.9032258,228.3088235,222.8181818,227.469697,259.3392857,251.9047619,248.9361702,279.9019608,256.7333333,259.6590909,295.9230769,273.3125,285.6338028,269.453125,287.7631579,298.1034483,271.9565217,286.8939394,281.0227273,272.2307692,264.7402597,271.875,262.5274725,264.5652174,262.702381,505.0253165,274.3266667,256.1797753,278.1410256,278.7241379,268.7111111,270.3225806,296.3586957,301.575,310.1265823,311.6842105,347.3717949,319.7727273,366.5686275,345.4530233,354.9090909,361.9266055,370.1351351,364.3222222,342.0873786,367.9411765,358.75,370.1236207,362.08,365.1265823,375.5108696,375.6542056,366.5662651,368.5119048,378.5802469,401.122449,366.875,399.0540541,438.75,416.24,413.0744681,391.4673913,402.606383,401.954023,436.2337662,415.05,408.0136986,424.5625,430.9259259,454.7887324,442.2463768,442.8125,449.1566265,459.2191781,482.1774194,468.5542169,471.0344828,493.0147059,488.5890411,500.2043011,497.6829268,507.1627907,500.1075269,508.7301587,501.185567,528.1097561,518.4818182~North Shore,Chatswood/Birkenhead/Northcote Point,Total,Total,226.8041237,216.6186458,231.8817204,232.7752294,234.2924528,236.1709402,239.5934959,247,268.0232558,277.4299065,270,280.2083333,284.1071429,300.4417188,282.0727848,297.2649573,300.0865541,297.244898,293.4375,283.484375,287.6984127,276.5679021,267.3076923,259.0606061,269.5861111,269.560241,266.5402844,262.3846154,275.1373626,273.974359,266.2228571,280.5260417,271.8834951,291.1167513,285.5252809,292.2046784,296.56,300.7978723,331.8142077,335.5632184,338.6822917,340.5026455,348.7745098,338.6875,348.4974874,336.9730114,351.4561856,338.1213873,353.657754,357.1768559,350.7932961,358.8980892,354.6304348,368.4659686,368.0965517,370.5782313,386.959799,392.9899497,391.1321287,401.7515924,398.4157303,393.3052632,384.778481,411.3222222,397.9792746,413.642487,396.673913,407.7638889,404.40625,415.1731844,409.6526946,440.8709677,426.7450331,458.10625,444.3910615,440.5175439,435.8503401,455.7894737,472.3977901,453.2575758,460.6766917,482.4418605,455.6382353,502.5179856,461.7321429,496.4028777,509.4494949,513.3125,487.2434211~North Shore,Devonport,Total,Total,212.8014184,227.452381,226.7458824,214.3867925,237.4090909,235,240.4805195,251.3161765,249.4520548,255.4592593,248.3779528,287.8377193,272.4225352,277.1986755,296.7785235,317.1443662,306.9328859,313.795419,289.3485714,282.6580645,300.867619,278.8187135,283.8712871,286.3550602,286.2215569,265.3856209,309.5813953,315.1917808,323.8009722,315.4716981,289.0162162,300.2359155,320.2877698,304.408982,303.7022472,377.0068493,343.9811321,368.5135135,369.8148148,348.7096774,404.2,403.3552632,395.3494318,399.3409091,387.7703488,417.6424242,399.2666667,379.8267376,390.511811,407.1754386,395.546875,406.4817518,413.8290598,434.0067568,403.6206897,414.3846154,439.5895522,451.2820513,437.9487179,458.7946429,424.7247706,465.4545455,473.1692308,465.4754331,488.8247863,468.8028889,452.9920635,452.9393939,483.9306931,451.9323308,510.5514706,499.1545455,516.5727273,510.7039823,525.4375,552.7475728,527.1153846,539.954955,524.9305556,535.0574713,549.7029703,531.2913386,564.5161818,595,549.3666667,569.5,550,598.0555556,648.3009709~North Shore,East Coast Bays,Total,Total,235.6837778,236.5102041,221.344,246.3063063,211.7625899,233.6484375,242.688,248.462963,248.28125,268.3608264,279.1776316,293.5405405,270.4237288,294.1118881,295.775641,293.6904762,299.2583721,299.8655556,306.6374269,304.7619048,295.1838235,288.5632184,275.5585106,288.9683544,276.86,296.7021277,293.5657895,285.9615385,300.5679012,298.490566,305.706962,292.8709677,306.0785256,295.2702703,324.5555556,326.2839506,321.0869565,329.525641,353.5394366,368.3939394,417.1830986,388.4150327,378.5106383,395.5747126,395.6597222,389.9671053,396.8231293,411.7258065,370.6961538,395.2758621,413.2401439,387.2898551,427.4814815,413.4532374,420.477707,423.5925926,426.8421053,447.7898551,452.4834437,475.1851852,498.0701754,477.4085366,478.3974359,449.4444444,477.8053691,502.25,450.6711409,477.4475524,479.3609023,465.6861314,504.5135714,527.5819672,550.9294872,507.2685185,550.5234899,562.1495327,529.8419118,534.9337748,545.8865248,549.8529412,574.5123457,574.3382353,542.9305556,572.0958084,538.1209677,567.2833333,558.3544304,553.9416058,601.7557252~North Shore,Glendhu/Glenfield,Total,Total,196.55,201.4782609,202.3809524,208.4803922,209.68,217.0886076,219.3225806,235.2554745,240.9246575,241.7605634,246.3045977,265.1006711,261.0406091,276.1306533,270.5181347,276.2568306,268.2233503,278.4223301,262.8385417,265.7065217,262.4611399,259.8803828,258.4848485,245.8365385,242.4103586,252.9032258,253.8659794,248.9525862,252.6195122,250.6975309,248.7731481,250.7142857,245.771028,249.975,254.1436464,256.5309524,259.396648,274.1477273,282.0633803,297.7721519,298.8826816,307.0066225,298.5327511,313.4782609,321.7914439,318.77,320.9069767,316.9845361,322.6785714,321.825,321.2048193,327.1646341,335.2378804,334.9363057,331.3836478,326.2534247,338.4972973,339.8443114,356.4221739,360.7553957,355.189781,378.6390533,362.9329609,368.2126437,363.8853503,367.0348837,354.6732026,362.2887705,377.9383562,387.0143885,361.9527027,399.7635135,383.4589041,412.8365385,394.7953216,402.8181818,409.025974,412.3815029,425.7865854,427.6595745,437.8244275,434.3977273,432.3900709,443.5227273,454.2545455,453.5914634,470.347561,474.1071429,473.5149701~North Shore,Greenhithe/Unsworth Heights,Total,Total,213.3333333,220.9090909,255.3125,229.3333333,231.25,252,252.25,260.3448276,250.1785714,275.3225806,266.6363636,290.5357143,298.7,312.9,289.1525424,322.9411765,296.6393443,307.5,305.9589041,305.8208955,292.9464286,292.5955738,269.1139241,283.3552632,275.1785714,283.5964912,279.0151515,285.390625,291.1940299,270.2660256,295.9285714,291.5454545,294.7727273,318.5833333,300.7094595,300.2739726,311.6666667,313.1746032,322.1428571,351.875,370.872093,377.1917808,382.0824742,393.1875,388.8513514,378.0927835,385.9174312,378.5714286,379.6626506,393.5,392.8645833,400.4678899,399.4,381.5340909,410.6565657,433.4868421,429.1666667,450.0721649,429.4247788,466.2631579,437.6470588,457.7325581,456.3235294,459.7,487.0673077,440.5263158,489.0361446,481.5,466.6823529,491.091954,483.034188,454.6764706,497.96875,499.1463415,498.2941176,525.1388889,503.0722892,515.9313725,513.4913793,530.8139535,506.2413793,520.9545455,543.8546154,561.0843373,546.6309524,560.3037975,545.4950495,539.1176471,592.2195122~North Shore,Hillcrest/Northcote,Total,Total,195,195.7142857,203.0793269,202.6538462,216.0185185,220,216.6216216,229.1150442,239.4919355,251.2946429,240.78125,255.5737705,266.0071942,277.3828125,268.1972789,261.7248062,280.8163265,272.8220859,264.4685714,256.3884892,262.7151515,262.4258065,254.2375691,250.6687898,249.7321429,247.1219512,247.560241,247.7745665,261.3120567,252.4657534,248.6906077,249.787234,244.9135802,267.1088435,250.6848387,262.430303,280.8170732,287.0141844,283.7969925,297.7685185,302.52,332.3529412,322.28125,303.3205128,336.5789474,326.7434211,322.1944444,322.4427481,318.5661765,334.4155844,332.4100719,346.9548872,335.2348993,324.4147287,325.1401869,349.9082569,351.012987,355.4195804,352.7037037,366.5983607,362.3722628,391.7375887,369.2672414,382.7724138,359.5923567,394.0797546,359.3061224,387.6904762,395.4816667,381.7391304,375.2446043,397.7753623,412.0437956,413.2327586,418.6842105,418.4693878,434.8529412,430.7777778,416.4473684,417.7610619,461.6127168,434.965035,439.9924812,459.5465839,441.6687117,454.3758865,475.1840491,439.9312977,505.3125~North Shore,North Harbour/Pine Hill,Total,Total,266.875,262.5,263.6666667,242.8571429,245,260.7142857,266.3157895,301.8421053,292.2916667,294.8484848,313.0555556,311.4814815,320.030303,318.1666667,334.3181818,326.0294118,343.5294118,354.7619048,331.509434,346.9165,347.6041667,323.8333333,302.4742268,320.7432432,301.6292135,287.9577465,294.6311475,289.1734694,299.3023256,289.4395604,296.6129032,294.7777778,313.8888889,317.0886076,309.5794393,315.0490196,317.2649573,321.1956522,331.4204545,353.2142857,366.980198,322.1259259,365.4577465,365.1709402,326.2592593,329.53125,358.3809524,354.4270833,358.9166667,303.9348734,349.4968153,360.5902778,354.3262411,363.9919355,337.76875,411.032,385.9044586,386.0629371,408.0405405,406.0493827,406.0123457,418.5,433.7977528,455.4539007,438.6918239,406.7045455,422.1385542,461.6546617,439.0540541,464.2307692,439.0131579,473.972029,475.47825,488.6979167,497.5512048,476.0560748,490.2236842,480.5244755,483.7162162,492.2792793,493.2288136,478.2380952,482.7993197,518.4353741,494.9084507,518.3846154,396.8717949,525.5507246,528.9815951~North Shore,Rothesay/Murrays/Mairangi Bays,Total,Total,232.6045614,231.974026,239.2613636,232.7142857,245.8421053,249.6376812,259.5,272.1265823,292.265625,276.4666667,293.81,288.2911392,307.9220779,304.1758242,307.0449438,306.2389381,329.3678161,320.0217391,292.9525862,297.2159091,322.5,301.5789474,278.125,285.965812,299.3126168,302.9583333,285.6239316,289.6703297,307.393617,284.7580645,301.8224299,286.7045455,304.6759259,298.875,300.2293578,314.921875,341.047619,332.8440367,350.5319149,358.2291667,372.9891304,381.0887097,372.1742424,356.4285714,390.5408163,378.1363636,375.5438596,394.1904762,390.2336449,390.8256881,376.0214286,397.25,412.9824561,397.1052632,424.8684211,392.3958333,455.1271186,448.7142857,456.2280702,449.7636937,472.6495726,482.8589855,471.6229508,445.9275862,469.9809524,481.2867647,454.380531,463.9150943,480.2857143,474.266055,479.2440945,503.04,506.0655738,514.1944444,518.9768519,537.8125,533.9237288,491.773913,543.3474576,551.8468468,549.7478992,555.890625,524.3495935,544.7727273,564.6418919,543.826087,544.3181818,567.7350427,592.6161616~North Shore,Sunnynook/Westlake,Total,Total,202.4257426,206.826087,209.9593496,215,218.2833333,230.8310811,227.3944099,239.8290598,232.9461538,247.0333333,270.7,273.2971014,265.7831325,286.6423358,277.8729282,272.8928571,285.1149425,282.8497409,266.9615385,276.5031056,282.9340659,279.6777778,259.8228155,269.3640351,265.1515152,264.3017751,262.5276382,274.0198675,259.8720379,260.4204545,263.7839506,272.7663043,267.5485437,275.8362573,273.1646707,273.452381,282.0052083,290.5111732,308.7142857,315.239521,323.7125749,334.2714205,333.2768362,354.8305085,347.6984127,346.1615385,339.3617021,354.136646,330.4276316,355.2513966,345.0377358,356.3850932,365.2011494,350.2919255,368.7922078,359.0719424,381.7368421,388.048951,400.6912568,407.9934211,437.9639175,420.6338028,416.9488372,422.0738636,408.7070707,416.2512821,417.2660099,413.9761905,435.7881773,425.1151316,432.3712575,432.5698324,455.1055901,453.9181287,457.4444444,461.0714286,458.3333333,468.4447514,481.4149378,472.8888889,492.9128631,506.4480874,502.6344086,501.960396,503.0493274,514.5989305,503.3317308,531.1111111,536.9906977~North Shore,Takapuna,Total,Total,215.3235294,234.6371681,230.9959016,232.9809524,265.8826087,242.512605,266.6791045,257.5555556,270.8,281.8253968,286.7837838,318.0618627,291.0319084,301.4558088,309.469697,316.8803419,323.9159664,329.104,319.2292994,328.962963,326.6770186,325.8025478,304.2151163,320.5592105,307.9213483,304.5390071,292.6742938,302.2983871,313.875969,310.2430625,329.0201342,320.6115108,348.9751553,329.0909091,320.1266026,348.3783784,363.7150838,376.6184971,364.8680556,433.037037,416.5891473,403.979021,428.884717,450.3392857,429.6060606,401.9155333,429.6708075,421.707483,386.8931288,443.035503,406.7793103,400.7770701,433.9440994,404.5487805,444.1789583,418.6283186,449.3435583,451.1956522,462.7862595,456.5116279,474.5652174,516.8503067,499.0968519,522.3796104,495.4037267,481.744186,513,476.3541667,462.2898551,510.8394161,494.4125,530.4014599,489.546875,497.2519685,543.021716,559.8506034,539.6607143,564.2368421,531.4930556,598.5591736,550.6390977,618.1465306,553.8983051,595.304702,631.6689796,648.3471074,619.0372671,586.3592248,580.6115108~North Shore,Torbay,Total,Total,220.8802817,223.9545455,210.0641026,223.6363636,232.4418605,247.3655914,236.7948718,236.7377049,245.8591549,248.0857143,264.5882353,289.7126437,280.4051724,294.6666667,281.6277372,279.4298246,280.9090909,292.4305556,286.5648855,280.1102941,291.8135593,285.2396899,273.9735099,284.3357143,280.9133858,266.0169492,264.7368421,296.984127,280.1428571,289.3650794,269.4039735,288.2824427,283.3206107,291.3868613,290.1083333,294.3918919,310.4379562,306.8076923,310.0869565,325.1754386,344.6698113,326,344.4615385,363.3703704,355.968254,351.0743802,367.892562,346.0150376,352.92,370.9361702,352.4212598,364.8076923,351.5048544,386.1071429,374.8050847,389.877551,389.1911765,400.4833333,422.605042,402.1487603,450.9873913,425.042735,415.982906,413.4018692,424.5535714,426.6139241,414.1747573,434.3478261,448.8392857,432.3854167,424.173913,439.4871795,447.5423729,457.5178571,465.2173913,474.3478261,494.7222222,452.7889908,465.5511811,492,506.8709677,504.2757353,493.1578947,504.0849057,528.440367,540.4724409,501.5,520.619469,518.9015152~North Shore,Wairau Park/Glenfield North,Total,Total,192.3770492,197.3770492,198.5,205.890411,205.1875,216.1574074,224.5744681,219.8484848,226.4444444,242.4952381,247.0642202,261.3297872,271.6306306,275.6818182,270.6451613,270.2542373,269.5547945,270.7446809,272.6744186,263.3884298,269.1830065,254.3739837,256.2179487,251.9444444,249.9851852,250.1392857,248.255814,246.9172414,260.5214286,247.8873239,249.1233766,246.8710692,249.8476101,255.5615385,257.7816901,260.5755396,256.459854,274.3076923,281.6981132,289.1588785,295.4741379,309.6359223,308.5748031,314.5132743,324.9579832,327.3583333,313.7711864,318.6238532,321.377551,319.1724138,323.6578947,327.4489796,323.7980769,340.0241935,338.940678,330.2325581,342.0674603,369.6136364,364.0220588,358.9545455,368.3333333,373.1428571,365.2083333,371.0679612,359.7115385,366.221374,372.745,376.0795455,357.1022727,380.1724138,402.7613725,400.5913978,392.25,414.8974359,423.2173913,404.7692308,411.3877551,416.5267857,421.8978102,434.0860215,447.5675676,445.8064516,441.2857143,439.8571429,455.7964602,455.2061856,455.2205882,471.1067961,463.9576271~South Taranaki,Hawera,Total,Total,128.3380282,121.8943662,128.8837662,129.1230769,122.2247191,133.7134146,130.5617978,129.9176471,127.1232323,132.8255814,134.5982143,125.5006494,132.8759036,136.0425532,136.0564516,138.4150943,136.2671053,145.0734127,146.8043103,143.6910377,139.5233645,145.1086957,144.3691589,135.4682836,135.8638298,135.5618182,136.7237113,133.9777778,129.6341463,134.7783019,132.3793103,135.0720721,136.7682243,131.619469,131.6292135,132.1478261,130.1666667,141.7415254,138.2372881,135.2932692,132.7961165,140.4170213,147.368932,143.952809,152.3529412,148.2843137,151.9306931,182.8089888,157.6190476,172.3076923,171.6067961,183.59375,182.4029126,188.8884298,182.4122807,198.7368421,218.0803571,232.2626263,210.9761905,226.5271318,220.48,253.7571429,236.4655172,234.0642202,243.4615385,248.6031746,256.9328859,237.9385965,241.2608696,236.2135922,231.8156028,228.2210526,219.2035398,224.8165138,227.8571429,231.125,254.45,245.9649123,238.8229927,227.3504274,230.3982301,240.9405941,232.4761905,253.6238532,239.6296296,238.5409836,250.9440559,253.8157895,246.015~South Taranaki,Rural South Taranaki,Total,Total,78.01944444,86.52894737,80.55508475,89.72682927,81.82826087,93.62833333,87.57765957,94.47653061,85.13653846,95.41034483,99.02424242,89.84883721,104.0681818,93.72214286,100.5557895,102.3586957,101.6674242,95.33790323,100.7606024,103.055303,98.41764706,106.4585938,104.2763158,106.1301205,92.2,95.50298507,102.0440299,104.2857143,101.6921053,95.99365079,106,104.0661765,94.51734694,107.7901786,107.509434,104.0612903,97.75609756,109.9711864,103.112766,109.3433333,106.6153846,113.5348214,122.6851351,121.0684932,109.1973684,115.9044118,123.4301471,122.9291667,130.2161017,131.0473684,139.6506024,144.6403509,141.6727941,143.8611111,143.6956522,149.7459016,153.7198795,151.4972826,160.3953488,163.4259259,166.4166667,163.556338,176.0416667,181.557377,193.7704918,183.2941176,185.9114583,186.875,176.8910256,167.9137931,183.436747,182.2368421,180.3823529,178.0063291,188.2089552,179.8305085,191.6666667,186.9178082,193.0337079,193.1617647,188.1818182,188.943662,194.8125,200.5084746,186.2676056,186.2931034,204.8484848,192.1929825,197.3529412~Tauranga,Bethlehem/Otumoetai,Total,Total,179.4791667,157.3684211,159.8478261,165.5084746,164.9615385,165.3172414,167.8187919,167.4045802,169.5695364,173.8994083,181.6022099,180.5434783,187.5146199,189.1717172,193.5204082,194.7172775,200.4867725,199.453125,200.2164502,200.3278689,202.0319635,200.7851711,195.3873518,194.1460674,196.3888889,194.8839286,191.9636364,196.9344177,192.1352313,195.1153846,202.9787234,194.8474576,195.7028754,196.6299559,202.2824823,200.869403,197.2078431,206.1565836,205.2347418,214.3359684,226.9844961,224.3868613,231.3980583,241.5083056,243.1571698,246.4336918,255.2072243,253.9223197,261.8471616,266.037415,264.0077821,268.2427536,280.292887,281.2293233,274.0333333,286.0779817,291.5285714,296.9739777,300.1157556,304.2857143,321.0617761,322.1570997,311.8020478,318.0463576,318.2065217,311.0878788,309.3215434,316.1023622,317.5821429,318.0735849,314.2222222,325.4437086,327.9518519,323.6678967,324.0681115,331.9517544,335.9482759,339.6134969,333.4246575,342.9954955,351.4490566,349.1071429,340.516129,345.2508961,359.2066116,354.9,353.7424242,368.1753555,377.776824~Tauranga,Mt Maunganui,Total,Total,154.2287234,160.4491979,159.528125,161.5862069,163.3721596,165.2283105,167.3571429,167.5053763,175.1762115,178.7772926,178.3822394,181.6799474,190.6472868,184.3333333,196.7988214,191.1121495,198.5851852,198.9242902,201.4940476,200.4109028,204.5948905,201.2861446,199.5252226,196.7580645,198.8373288,196.6257669,196.1737805,192.9180887,198.9322289,195.5487805,197.6990881,198.8245033,204.2294521,206.8395415,199.3768546,210.634981,215.4603175,215.2061856,222.1928105,227.718254,234.1033435,245.7319035,241.0632615,261.2089552,258.0646154,267.4888889,259.1715976,266.0592105,272.9383117,269.3011353,271.5915493,282.8666667,282.3642857,281.5922619,282.7039106,290.2355072,295.610119,305.7073171,299.480663,308.84273,311.375,315.2488038,313.2289003,308.9404321,314.7376543,326.407767,311.9197995,323.6287625,329.9093656,336.6846361,331.7680628,338.4650456,344.9771987,344.0724638,341.4035533,350.2375479,354.5403509,357.439528,342.6518692,356.2407407,350.1350365,359.5778364,350.7988166,360.34375,376.9753086,378.5314685,375.6990881,370.8285714,388.094717~Tauranga,Papamoa Beach,Total,Total,142.704918,138.8421053,144.5205479,148.7338462,153.1710526,151.2580645,167.3979592,162.7272727,162.036036,160.2238806,166.1681416,168.83,173.6259542,181.5100671,193.6792453,186.6129032,187.9746835,191.8206522,189.8076923,195.3939394,192.392638,189.6517413,186.7386935,183.1325967,192.0558376,187.6595745,188.9552239,185.0392157,190.1542857,187.5,194.025641,201.1745251,193.2804233,197.9030612,198.7821782,195.6428571,205.9103448,206.7020202,213.2540541,221.2937063,223.9851485,237.4840426,238.4533898,254.9336283,255.3195775,258.2068662,264.8326848,267.4875,269.5192308,275.3964912,268.425,275.7385892,282.8571429,295.3215354,281.916996,285.0167598,296.9411765,302.0688406,300.3809524,309.4879227,322.5721154,315.6587031,316.4849624,316.5611814,321.0090909,331.2007874,316.0573477,324.0177665,329.5652174,331.0299539,330.3610108,338.2437811,346.1576355,341.0090909,337.2304833,354.1472081,345.0802139,355.6416667,351.7137681,349.2757009,363.7142857,354.1680672,355.7261411,377.1902439,369.4444444,367.9736842,368.8053097,390.615942,391.6463415~Tauranga,Pyes Pa/Hairini/Welcome Bay,Total,Total,160.2777778,160.26,161.3333333,165.5454545,163.0508475,175.75,167.9285714,170.9803922,174.0909091,181.8309859,181.2711864,185.1639344,185.8536585,189.3627451,191.5137615,194.4354839,206.2222222,197.7,204.787234,203.3606557,199.1869159,202.1666667,198.4513274,196.0714286,194.7368421,191.3513514,198.173913,193.52,195.8560606,191.3839286,196.5408163,194.8529412,197.56,199.4029851,202.2897196,198.8145926,213.1603774,203.3725806,213.018018,216.6666667,218.0636943,226.1189542,226.8882353,242.2147651,248.8928571,253.9858156,256.5483871,256.2605634,263.697479,266.3878788,266.7218543,273.2945736,272.2352941,282.5316456,283.0769231,284.129771,301.5625,295.9285714,311.4095745,312.5949367,312.3207547,326.1641791,317.6519337,307.5543478,330.224011,318.2802128,312.8,328.125,335.0445026,325.0847458,333.5761589,337.6042781,338.8757396,342.8579235,335.3291139,335.0890411,343.4166667,349.3381643,341.6911765,340.4697987,349.2283951,341.4581281,354.0706522,360.7062147,362.9477612,365,361.5928962,359.4782609,386.1290323~Tauranga,Tauranga Central/Greerton,Total,Total,144.0585106,149.9525316,145.4680233,149.9823232,149.2211538,158.0515021,154.8665254,155.6981982,164.821256,160.6559633,166.1644444,165.1242938,180.1642857,173.4983389,176.5747508,180.294964,189.781746,190.3897764,192.7272727,189.4189189,188.872549,189.0651466,184.9286571,179.1072423,179.323232,177.311618,177.7974504,182.6765774,178.0515759,181.6204188,182.293875,181.5878078,181.5097297,176.6223881,183.0736544,184.755814,183.4396226,188.628655,191.8377976,187.3706395,203.8583333,207.0335463,209.5367089,211.4508197,224.3617647,226.3805571,231.0361371,234.163245,233.3617747,238.2416667,238.9451613,240.5672131,245.5292096,249.5510836,247.2388268,260.8108108,269.7835821,272.0167598,272.2316076,277.1661891,289.3161765,285.8966346,285.192926,280.4054795,277.9892966,279.9327354,285.3611111,286.3753582,295.7063712,286.8443804,293.8283951,286.7684478,286.5480226,295.9566563,299.826506,302.8053691,289.2306886,304.0433168,296.7325301,317.3628049,290.418136,309.0990338,305.7890173,311.7966574,295.9046875,318.377551,313.9394904,322.6525097,316.2848297~Waikato,Huntly,Total,Total,99.16666667,101.1458333,99.57971014,100.8793103,102.5,99.83472222,104.985,103.94375,110.145082,105.5409836,105.7413793,107.9640351,116.3108108,116.9482759,121.8688525,118.0746269,118.3116883,124.095,128.2206557,138.9457627,131.9522727,130.4254237,134.0298507,131.1610294,129.8341667,133.5652778,128.2989691,131.4285714,122.671875,123.3,125.1356061,119.8080645,111.7647059,123.5824675,122.1388889,113.7568182,122.6666667,124.6933333,127.0632911,129.478,127.7671233,126.0969512,130.1636986,133.7731959,136.4703947,142.2891566,146.5298507,149.8541667,160.3985507,175.9404762,170.5172414,172.2096774,173.5970149,180.2857143,181.0204082,185.6481481,191.6349206,206.0153846,199.7721519,200.6351351,202.7857143,196.9333333,211.1081081,205.2727273,208.0517241,218.5981308,214.3611111,208.097561,211.2096774,211.1363636,211.3352941,220.6805556,215.6,218.4567901,215.5625,227.4285714,216.6746988,220.1071429,228.0263158,222.5,231.4935065,220.1785714,232.1428571,232.2352941,236.9620253,242.7777778,239.0277778,241.40625,244.5744681~Waikato,Rural Waikato District,Total,Total,110.8869792,112.7887324,119.8564103,117.88125,114.0696429,114.3103659,121.3953488,114.1296703,124.4836449,120.6666667,129.0482558,127.2746154,135.6038462,131.7660377,132.6740196,141.1222772,141.4831522,146.4717742,162.7898058,156.9080645,145.2541667,153.2062044,150.7,157.1443396,155.4491736,157.2388889,155.0072848,160.8181818,155.1281746,154.85,156.6286232,156.1946903,153.5080645,160.1926056,161.1170455,151.4765873,150.3444882,159.6881148,162.6257463,164.2327586,168.3164336,171.6557047,173.5347682,182.1558219,184.9525352,186.511745,192.9383117,199.3617021,200.5910853,204.478022,208.6241611,214.4885496,219.2519685,226.3756494,222.9711176,242.4258772,238.6964286,249.1964286,248.1248521,246.9270748,251.2267176,263.4229082,257.2914634,275.8601136,270.1463855,274.2812808,265.0922872,281.6728814,285.5146199,273.3982036,286.9285714,288.716763,290.0970149,281.9655,278.6860465,284.529085,291.6666667,295.2419689,295.265,288.8148148,293.2903226,302.5821693,296.3519553,300.416185,296.4361702,291.2677419,306.1973684,299.8535032,305.9367089~Waitakere,Glen Eden,Total,Total,184.5588235,177.2916667,186.125,182.1052632,186.1106061,193.1538462,193.5294118,200.7272727,202.6086957,210,227.983871,229.0909091,239.3373494,249.1752577,245.9139785,255.1515152,253.8589744,257.6696429,245.2079208,250,241.7596154,247.3854167,247.047619,231.4772727,229.2676768,235.9821429,228.3451327,232.85,236.5517241,235.3370787,232.125,230.8415842,229.1666667,232.5233645,230.6481481,227.7403846,235.0188679,243.9453125,245.3644792,251.0309278,255.6875,255.9705882,276.3333333,290.4255319,295.6935484,297.2312139,291.0322581,286.7449664,283.0458716,292.5034247,292.3758865,286.6115702,287.7419355,298.9777857,284.8888889,301.6037736,293.682377,313.0392157,306.1928571,305.9189815,320.1339286,325.7933333,299.0403226,317.0655738,315.3939394,324.2330827,319.6423358,319.8245614,330.8018868,329.5432692,329.6410256,341.147619,353.762931,352.2038835,363.296875,358.6021505,354.1176471,370.4854369,380.7647059,382.4594595,386.5841584,380.6870229,397.3457944,405,393.75,398.4054622,391.858156,423.3490566,425.1333333~Waitakere,Glendene,Total,Total,177.7027027,185.3478261,184.9107143,194.8333333,192.2777778,196.0606061,204.0425532,213.375,218.8490566,224.5238095,228.4,241.8867925,237.393617,241.3207547,248.721519,250.8653846,268.0526316,272.4404762,259.53125,257.421875,249.5238095,251.9166667,259.7435897,229.047619,241.7857143,240.8243243,231.9230769,233.125,234.9295775,240.6349206,246.5072464,243.2575758,231.695122,237.9902469,234.3975904,245.390625,239.9342105,249.7787356,246.18,265.7777778,268.7096774,281.4754098,284.1566265,293.4225352,305.875,294.8214286,299.1875,299.9390244,297.278481,305.631068,277.4705882,292.6268657,306.9714286,306.1764706,323.8586957,297.6470588,319.8101266,303.5,316.6463415,323.5526316,327.4350649,337.2340426,331.0185185,324.3258427,317.7536232,329.4607843,321.7362637,345.1265823,336.7070707,337.5,341.625,356.6923077,352.4342105,361.875,363.7837838,393.4224194,373.4,383.974359,391.345679,391.9818182,374.4920635,393.0519481,382.2368421,401.5533981,397.3076923,405.9876543,415.7777778,424.4366197,415.3947368~Waitakere,Henderson,Total,Total,179.2857143,183.869863,182.4333333,182.6923077,186.8,190.5822785,187.7654321,194.7142857,207.1633987,207.3607595,219.3860759,230.6418919,234.2746114,245.4307177,250.4146341,249.254717,254.7887324,254.1841004,255.4308943,250.3906122,250.4504846,251.0654615,240.4310345,237.5735849,236.0821642,231.8267717,237.5,232.1129707,227.6845878,234.375,234.6106557,236.2557252,229.228,236.8345865,242.6798561,245.2248322,244.5426621,253.6285714,272.2878229,275.1527273,279.5798611,283.1755319,285.7718266,298.8830084,292.568306,299.7237654,293.945082,289.0836237,290.0676692,300.5345304,300.9297659,309.4304636,306.4115756,307.4662379,311.7574751,314.8840304,319.7328125,321.0933099,334.9011461,330.1722305,337.9018182,337.6207386,359.6199377,344.7260274,350.7207792,345.6683938,354.4532967,344.9628483,352.9773463,359.1569767,358.1273292,360.4618182,375.9782609,385.7752443,373.1253918,381.2416667,373.8888889,391.9294872,394.064375,396.3305085,398.8450704,398.8421053,400.6277603,402.5833333,419.1684982,429.9069069,428.1768116,435.0798611,440.4380952~Waitakere,Kelston,Total,Total,168.8636364,178.9069767,173.7769231,173.5384615,177.2539683,181.2686567,176.3108108,189.5,198.5294118,206.0144928,202.5915493,205.6,222.8205128,232.9878049,232.760274,229.7029703,245.9876543,243.5338346,237.371134,226.8235294,228.8655462,235.7692308,227.0247934,223.3653846,219.1284404,216.4772727,220.8235294,228.9923664,227.0210526,219.3369565,216.7763158,219.0891089,217.3706897,226.4455446,214.2857143,220.0104167,233.08,237.8529412,254.057377,251.4173228,266.322314,264.338843,260.9402985,274.5323741,275.4782609,272.699115,263.1486486,258.5840708,263.0769231,269.6769231,270.4924242,274.5121951,270.9805825,281.3333333,269.5833333,276.573913,285.2892562,290.0763359,293.4927536,292.4761905,302.4313725,302.2903226,317.3300971,295.8076923,307.0291971,301.5086207,310.6818182,306.6489362,294.7849462,332.2043011,308.3921569,314.3928571,331.8103448,334.8369565,331.1734694,324.6794872,325.4615385,339.6842105,324.5520833,355.7142857,354.8021978,357.5,376.0752688,357.4596774,382.3870968,371.1442308,378.6842105,364.0786517,387.2268908~Waitakere,Massey/Royal Heights,Total,Total,187.1323529,187.0731707,188.556701,194.0983607,193.5148515,194.8387097,201.1946903,207.654321,215.1075269,218.6904762,239.047619,240.7926829,246.0983607,257.6612903,257.6209677,260.7984496,263.963964,266.5314685,265.2771084,260.9090909,258.16,251.2132353,246.9858156,243.1764706,256.4723926,233.4333333,243.7579618,238.3591549,240.9403974,242.6477987,245.6985294,229.9689922,246.3125,244.1,239.9103448,237.2464789,249.2446043,271.0261438,263.7851852,263.2875817,277.8382353,284.4680851,297.6870748,298.294964,305.9274194,300.2307692,290.68,303.3553719,290.9508197,307.0886076,310.7358491,317.1180556,308.4375,301.765873,323.5729167,323.751634,322.2,332.2302632,337.3660131,340,337.7804878,343.1614907,351.9926471,352.5503356,353.0068493,333.862069,341.3986928,354.0642857,353.1456954,358.4817073,364.2810458,369.7272727,369.1960784,388.7777778,378.1376812,380.6363636,377.0419205,382.063253,395.508982,393.7301587,404.4083333,409.1666667,425.0225564,412.9929577,420.2132353,410.2105263,425.9482759,424.6962963,448.115942~Waitakere,New Lynn,Total,Total,162.7453763,173.2727,169.5585185,186.1208791,171.3186508,182.5338318,190.615,195.8047788,196.7151969,214.5172414,214.8294872,222.9361151,227.775641,240.2292073,235.6929518,245.6870229,246.3576159,248.6443503,240.3026842,235.207027,232.9548663,234.8798883,230.1141872,230.5036095,222.8494972,220.3191837,221.519486,219.8701026,224.5338983,234.3785514,224.506044,226.2426471,220.8184286,222.1854506,226.2606635,230.7300429,234.023913,247.9205607,247.9255319,261.4640884,265.5978261,269.3134715,269.3746524,271.5703518,281.1666667,277.6578947,275.4972678,273.4905263,270.3826531,278.4241016,276.4321608,280.043956,274.2660099,276.5445026,278.516129,284.2241379,281.7222222,299.8477157,299.8311404,293.0732984,300,309.1385281,300.3865979,303.8950276,302.685,303.3883408,301.1702128,300.5523256,309.8909091,318.8461538,309.1395349,320.9779167,324.6610169,322.4636994,332.556872,344.8854962,343.7267081,339.6944444,363.1626506,354.5290323,355.8773585,351.6697674,359.4040404,372.3262032,382.1832461,376.2982456,400.5473684,405,404.9351351~Waitakere,Ranui,Total,Total,183.6956522,166.3043478,169.4,185.2272727,186.1538462,198.9655172,200.78125,196.2962963,208.6842105,216.8888889,220.1785714,234.3333333,241.6666667,246.3414634,251.8518519,254.6875,256.0784314,256.9354839,246.7714286,253.4328358,243.1818182,251.6216216,247.0714286,240.3521127,226.5316456,234.4,230.7176471,227.4,228.6470588,236,234.847284,226.9041096,226.5692308,222.7948718,233.3552632,241.3733333,246.8,241.2207792,245.915493,255.7462687,265.4938272,271.3461538,280.3488372,280.3125,286.7532468,289.1891892,276.3214286,291.4888889,302.1794872,289.8253012,282.0170455,291.25,290.7681159,297.9220779,298.0163934,295.739726,293.6956522,300.7142857,312.244186,312.1944444,305.1,330.4938272,338.5679012,340.6521739,323.9583333,326.5568182,329.3,330.3089888,333.9078947,339.75,343.7671233,341.6060606,329.7619048,352.9322034,349.5322581,335.3877551,371.4,348.2622951,367.9069767,388.0508475,368.6769231,380.1566265,385.8088235,397.278481,396.8363636,396.5797101,408.1818182,404.8,412~Waitakere,Te Atatu,Total,Total,177.6388889,178.0655882,181.7045455,182.1428571,190.3773585,194.4444444,185.7692308,184.3243243,205.7894737,190.9302326,212.027027,214.2,234.1304348,241.6326531,256.6071429,249.9019608,257,248.0172414,259,243.6607143,236.8103448,254.047619,243.6290323,227.5308642,224.6923077,242.8571429,217.826087,220.6153846,244.4047619,232.1551724,235.6896552,232.3529412,231.890411,242.3015873,238.5316456,236.8548387,248.0555556,247.5735294,253.8888889,264.9074074,282.9710145,280.1666667,279.9710145,291.2025316,309.2156863,297.5,292.3275862,283.2394366,324.234375,285.8461538,293.8135593,286.9032258,296.6981132,302.0454545,320.6617647,298.2653061,292.0909091,322.983871,325.862069,299.5714286,326.1666667,338.7878788,327.8301887,336.9,329.2253521,315.7317073,327.9452055,333.75,345.1408451,363.6792453,351.3939394,330.4347826,341.0185185,380.4444444,364.6785714,378.0769231,370.9375,387.9,396.0958904,378.125,389.4339623,393.8309859,399.7101449,418.9785714,414.84,414.1447368,409.4,434,452.0588235~Waitakere,Te Atatu Peninsula,Total,Total,180.4848485,176.4285714,170.875,173.6764706,180.4431818,181.627907,186.1607143,211.5714286,208.0526316,208.8043478,216.2666667,224.2857143,243.0208333,240.5147059,250.2987013,264.962963,252.2857143,256.2673333,256.8604651,256.25,257.6365591,250.2875,242.5247525,237.0945946,219.4,236.7647059,232.9452055,234.025974,242.7051282,241.3829787,242.6804124,234.9082569,238.2666667,241.9318182,241.5882353,245.3444444,243.1770833,262.4725275,267.1818182,262.5795455,291.3,295.4680851,305.6122449,311.2156863,305.4952381,311.13,312.2197802,317.2277228,308.2716049,320.7480315,309.1546392,319.3981481,321.7435897,322.706422,337,328.2989691,318.0096154,346.1574074,364.1573034,346.3207547,350.4411765,359.047619,376.1788618,349.5,346.122449,361.8492063,370.6409821,353.5714286,354.6568627,376.7857143,399.0551181,380.6111111,378.6868687,406.5753425,381.6696429,377.5287356,409,424.8979592,400.25,450.7692308,421.5294118,431.5277778,421.8932039,421.5730337,445.106383,445.6081081,432.2352941,476.2790698,472.4268293~Waitakere,Titirangi,Total,Total,201.6447368,196.6898148,195.8836207,206.5243902,201.5047619,214.0196078,202.1649485,221.3529412,228.125,231.5333333,254.5,255.7894737,280.6039604,271.0891089,280.5769231,275.9504132,274.4144144,288.7056738,278.0208333,267.5373134,274.3461538,277.9891304,254.8698052,266.6086957,255.1538462,266.1363636,256.5140845,262.9109589,268.7735849,258.8590604,255.6363636,264.369697,264.3581081,261.5471939,266.8892857,270.1290323,272.2235294,281.78125,287.9705882,287.4264706,295.2357143,296.965812,310.8766234,319.7285714,320.5,323.2666667,304.9459459,313.1343284,323.6692913,321.8421053,322.483871,321.9078947,328.034188,329.0218978,332.8676471,349.4409449,335.1125828,343.4140625,372.7621951,361.0330579,377.3303571,370.0430464,380.8843537,377.0454545,358.6330935,373.547486,366.4383562,358.828125,363.2926829,389.0909091,378.0696203,394.6111111,406.9133858,406.344,392.2627737,409.5604396,411.440678,428.8884892,405.1538462,426.4678899,433.1061947,423.7337662,423.675,431.953125,441.972973,446.8316832,460.752,451.8617021,463.7083333~Waitakere,West Harbour,Total,Total,215.212766,201.8627451,224.5555556,230.2451923,224.2307692,230.3061224,225.1760563,225.7,254.5333333,267.1212121,291.6949153,265.0862069,294.5547945,296.6875,289.8591549,281.3157895,294.4345238,299.1981132,285.4867257,286.3846154,291.2755102,281.3469388,284.1269841,276.2446809,272.7142857,289.2021277,270.0851064,262.8431373,268.3666667,284.1596639,283.5536364,269.5192308,297.3727273,291.6893204,278.8703704,284.1818182,298.1460177,327.0192308,325.4494382,341.5656566,327.1287129,319.7128713,349.1015625,328.3061224,355.9482759,357.5490196,334.8571429,348.7128713,352.8365385,338.4558824,355.8730159,357.8971963,348.4205607,376.3363636,349.7372881,357.1354167,369.2692308,370.5357143,388.2068966,366.0869565,383.8764045,406.6083333,416.3349515,405.173913,402.5412844,387.2900763,412.184466,407.1313131,423.6170213,410.3061224,405.5376344,416.3625,412.4133766,397.1634615,420.8962264,422.9896907,405.3052632,436.1214953,441.9722222,458.7306061,445.3431373,472.789916,462.248062,445.6337879,429.7083333,498.3214286,493.1619048,508.3783784,532.337963~Waitakere,Western Beaches/Rural,Total,Total,175.3529412,185.2173913,178.6904762,192.2972973,197.7045455,177.6666667,181.7391304,199.5960606,220.6578947,201.4285714,261.372549,223.1428571,233.1818182,247.9090909,265.6896552,249.5111111,252.0819565,245.0684932,259.7368421,250.3030303,240.9836066,242.1604938,251.6455696,242.6973684,243.2790698,244.5941558,244.2197802,230,247.0886076,251.0227273,234.5679012,249.4776119,260.9493671,262.4948454,248.75,257.5396825,245.8108108,266.7567568,250.7468354,272.7325581,281.7391304,282.9099099,278.6637931,290.4117647,288.3333333,297.7830189,307.7040816,303.1395349,304.1011236,304.8507463,312.9464286,313.4659091,318.3522727,326.0294118,327.4583333,319.512987,328.4615385,342.4519231,347.4222222,348.2692308,326.4802632,336.9556452,367.8504673,350.5,344.6960784,353.3928571,351.3716814,335.7211538,353.55,354.6846847,363.4848485,350.8910891,385.0625,383.5775862,389.6902655,372.4456522,397.6666667,389.039604,391.2374101,394.025974,406.7,417.9145299,408.2795699,396.9642857,416.3333333,429.5882353,456.3980583,441.746988,421.7368421~
